
Last position-specific scoring matrix computed, weighted observed percentages rounded down, information per position, and relative weight of gapless real matches to pseudocounts
            A   R   N   D   C   Q   E   G   H   I   L   K   M   F   P   S   T   W   Y   V   A   R   N   D   C   Q   E   G   H   I   L   K   M   F   P   S   T   W   Y   V
    1 M    -6  -6  -7  -8  -6  -5  -7  -8  -7  -3   2  -6  11  -5  -7  -6  -5  -6  -6  -4    0   0   0   0   0   0   0   0   0   0  17   0  83   0   0   0   0   0   0   0  3.14 1.10
    2 A     3  -3  -1   2  -1  -2   1   0  -2  -2  -2  -2   3  -2  -2   2   1  -5  -4  -2   27   0   2  15   1   1   7   6   1   1   2   1   9   2   2  16   7   0   0   2  0.35 0.30
    3 P     0  -4   0   0  -4  -2  -2  -3  -1   1   0  -2  -2  -1   4   2   0  -5  -1   0    7   0   6   6   0   1   1   1   2   9  10   1   1   3  20  19   5   0   2   6  0.32 0.25
    4 V     0  -4  -4  -4  -3  -2  -2  -3  -4   2   2  -3   2   2  -2   1   1   2  -1   1    9   0   0   0   0   1   2   1   0  14  19   1   5  10   2  12  12   2   1  11  0.29 0.24
    5 V    -1  -4  -3  -3  -2  -2  -3  -3  -1   2   3  -4   2  -2  -4   0   2   1   0   1    4   0   1   1   0   1   1   2   2  11  33   0   6   1   1   7  13   2   4  10  0.38 0.28
    6 I    -1  -3  -3  -5   0  -3  -3  -3  -4   3   2  -3   4   1  -2   1   0  -4  -2   2    5   1   1   0   2   1   1   1   0  18  21   1  11   5   2  12   6   0   0  13  0.39 0.28
    7 L    -1  -3  -4  -3   2  -3  -4  -5  -3   2   4  -4   2  -1  -4  -2   0   3  -1   0    5   1   0   2   5   1   1   1   1   9  45   1   5   2   1   3   7   4   2   4  0.59 0.36
    8 F    -1  -4  -4  -4  -1  -3  -3  -2  -4   1   2  -4   1   4   0  -1   0   2   1   1    6   0   0   1   1   1   1   4   0   7  24   1   4  19   4   4   7   3   3  11  0.37 0.26
    9 F    -2  -5  -5  -5  -3  -3  -4  -3  -3   2   3  -5  -1   4  -3   0  -2   4   1   1    3   0   0   0   1   1   1   3   0  11  30   0   1  19   1   7   2   5   4  11  0.59 0.36
   10 L    -1  -5  -3  -5   2  -4  -3  -3  -4   3   4  -5   0   0  -5  -1  -1   3  -1   2    5   0   1   0   4   1   2   2   0  16  34   0   1   4   0   4   4   4   2  15  0.55 0.34
   11 F     0  -5  -5  -5  -5  -4  -3  -3  -5   1   3  -5   0   5  -2  -1  -1   2   1   1    9   0   0   0   0   0   2   2   0   8  27   0   1  22   2   5   4   2   4  10  0.56 0.35
   12 P     2  -4  -3  -4   0  -2  -3   0  -3   0   1  -3  -2  -1   2   2   1  -3  -2   1   15   0   0   0   2   1   1   7   1   5  16   1   0   3  11  17   9   0   1  10  0.27 0.26
   13 T     2  -5  -4  -5   1  -4  -3  -2  -3   3   1  -4  -1   0  -2   1   3   2  -1   1   15   0   0   0   3   0   1   3   0  15  11   0   1   3   2  12  16   3   2  11  0.36 0.30
   14 L     1  -6  -6  -7  -1  -6  -6  -4  -6   4   4  -6  -1   2  -5  -2  -1   0  -3   1   10   0   0   0   1   0   0   1   0  21  34   0   1   9   0   4   4   2   0  10  0.76 0.45
   15 L     1  -4  -6  -6   0  -5  -5  -2  -6   3   4  -5  -1   2  -5  -1   0  -1  -4   2   10   1   0   0   2   0   0   3   0  15  35   0   1  10   0   6   5   1   0  11  0.62 0.40
   16 V     2  -5  -6  -6  -1  -4  -6  -3  -6   2   3  -5  -2   1  -4   0   0  -6  -2   4   15   0   0   0   1   0   0   2   0  12  23   0   0   6   1   8   5   0   1  25  0.59 0.40
   17 L     2  -4  -5  -7   0  -6  -6  -3  -6   3   4  -6  -1   0  -5  -1  -1  -5   1   1   16   1   0   0   2   0   0   2   0  15  38   0   1   4   0   5   4   0   5   9  0.68 0.44
   18 V     0  -4  -5  -6   1  -5  -6  -3  -3   3   2  -5   0   4  -3   0  -1  -1  -2   3    8   1   0   0   3   0   0   2   1  16  18   0   2  17   2   8   3   1   1  17  0.55 0.36
   19 V     0  -3  -5  -5   1  -2  -5  -2  -5   3   3  -5   0   2  -5  -1   0  -3   1   2    6   1   0   0   3   2   0   4   0  15  28   0   1   9   0   4   5   0   5  14  0.48 0.32
   20 A     2  -3  -3  -5  -1  -3  -4  -1  -2   2   2  -2  -1   3  -3   0   0   2   0   1   15   1   1   0   1   1   0   4   1  11  20   2   1  11   1   7   5   3   2  11  0.29 0.24
   21 V     0  -4  -4  -6   1  -4  -5  -5  -3   3   2  -3  -1   3  -4  -2   0   1   3   2    7   1   1   0   3   0   0   0   1  15  21   2   1  14   1   4   6   2   9  13  0.51 0.33
   22 L    -2  -3  -4  -6   1  -3  -5  -4  -3   3   3  -2  -1   3  -4  -1  -1   4   2   1    3   2   1   0   3   1   0   1   0  14  27   2   1  13   1   5   3   5   7   9  0.52 0.32
   23 G     0  -1  -3  -2   0  -1  -3  -1  -1   1   1  -1  -1   2  -3   1   1   3   2   0    6   4   1   2   2   2   1   4   1  10  13   4   1  10   1   9   8   5   9   6  0.17 0.16
   24 L    -2  -1  -3  -4  -2  -2  -4  -3  -1   2   3  -1  -1   3  -2  -2  -2   2   3   1    3   3   1   1   1   1   0   3   2  10  28   3   1  12   2   3   3   2  12   9  0.42 0.28
   25 R    -1   3  -2  -2  -4  -2  -2  -3   2   1   1   0   1   2  -4  -1   0   0   2   0    5  15   2   2   0   2   2   2   4   7  17   7   3   9   0   4   5   1   7   5  0.21 0.19
   26 G     0   1  -1  -3   0   1  -2  -2   1   0   0   0  -1   2  -2   0  -2   6   1   0    7   9   3   1   2   6   2   3   3   7  11   6   1   8   2   6   2  11   4   5  0.23 0.18
   27 G     0   0   0  -3  -1  -1  -2  -1   0   1   1   0  -1   1  -2   0   0   2   1   0    7   7   5   1   1   3   1   5   3   8  17   6   1   7   2   9   5   3   5   6  0.07 0.10
   28 D    -1   1  -1  -1  -2   0  -2  -2   2   0   0   0   0   2  -1   0  -1   4   3   0    6   7   2   3   1   4   2   3   6   5   9   6   3   9   2   8   3   7  10   6  0.17 0.15
   29 D    -1   1   2   0  -2   0  -1   0  -1  -1  -1   1  -1   0  -1   2   1   1   1  -1    3   7  10   4   1   4   2   7   1   4   6   9   1   5   3  14   8   2   4   3  0.09 0.12
   30 S    -1   2  -1  -2  -2   0  -1  -2  -1  -1   0   2  -1   1  -2   1   0   0   2  -1    5  12   2   1   1   4   2   3   2   4  10  12   1   5   2  13   5   1   9   5  0.14 0.16
   31 W    -2   1  -1  -2  -2  -1  -3  -4   0  -2  -1   1  -2   3  -1  -1  -1   9   2  -4    3   8   3   2   1   3   2   1   2   3   7   9   1  12   3   5   4  24   6   1  0.82 0.45
   32 K    -3   5   0  -4  -5   1  -3  -2  -2  -2  -3   5  -1  -4  -2   0  -1  -3  -3  -3    2  24   5   1   0   5   1   3   1   2   3  34   1   1   2   7   4   0   1   2  0.82 0.49
   33 K    -3   4  -1  -2  -3   2  -2  -2   1  -5  -2   4  -4  -3   1   1  -1  -3  -3  -4    2  19   3   2   1   8   2   3   3   1   5  27   0   1   7  10   4   0   1   1  0.59 0.40
   34 R    -3   6  -1  -4   0   1  -3  -3  -1  -2  -1   3  -2  -5  -1   1  -1  -3  -4  -4    2  35   3   1   2   5   1   2   1   2   8  18   1   0   3  10   4   0   0   1  0.73 0.46
   35 G    -1   2   2  -3   0  -2  -3   3   0  -3  -4   2  -2  -3   2   1  -1  -4  -3  -3    4  11   9   1   2   1   1  25   3   1   2  13   1   1   9   9   4   0   1   1  0.43 0.31
   36 L    -1   0  -1  -2   0  -1  -1  -1   0   1   2   1   0   0   1   0  -1  -1   0   1    5   4   3   1   2   2   3   5   2   9  20  12   2   5   6   6   2   1   3   9  0.08 0.10
   37 K    -2   3   4  -2  -3  -2  -2  -1   1  -4  -4   4  -4  -4   1  -1  -1  -3  -2  -3    4  13  19   2   1   1   2   5   3   1   2  25   0   1   8   5   3   0   2   2  0.57 0.37
   38 V    -2  -2  -2  -2  -3  -1   0  -2  -2   0   4  -2   1   0  -2  -1  -2  -1   1  -2    3   2   2   2   1   3   5   3   1   6  45   2   3   4   3   5   3   1   6   1  0.48 0.32
   39 P    -3  -4  -5  -5  -6  -5  -4  -5  -5   1  -1  -5  -1  -2   8  -5  -4  -6  -5  -3    3   1   1   1   0   1   1   1   0   6   6   1   1   2  71   1   1   0   0   2  2.13 0.97
   40 P    -5  -3  -4  -6  -2  -5  -4  -6  -3  -6  -6  -1  -7  -7   8  -3  -4  -7  -5  -5    1   2   1   0   1   1   1   1   1   1   1   5   0   0  80   2   1   0   0   1  2.57 1.19
   41 G    -2  -5  -5  -6  -5  -3  -4   7  -1  -4  -3  -5  -4  -5  -3   1  -4  -4  -4  -3    3   1   0   0   0   1   2  68   2   1   3   1   1   0   2  10   1   0   1   3  1.56 0.80
   42 S    -3  -6  -5  -1  -8  -5  -4  -8  -6  -4  -4  -1  -7  -5   8   0  -3  -4  -8  -1    3   1   1   4   0   0   1   0   0   1   3   4   0   1  68   6   2   0   0   5  2.01 1.05
   43 M    -2   2  -2  -5  -6  -4  -3  -3  -4  -1  -2   2   2   2   4  -1   2   5  -1  -3    3  11   2   0   0   0   1   2   0   4   4  13   6   9  18   4  12   7   2   1  0.55 0.41
   44 G    -1   1  -2  -6  -5  -4  -5   4   1  -6  -7   0  -4  -3   4   0   1  -3  -3  -3    5   7   2   0   0   1   0  32   3   0   0   7   0   1  23   7   7   0   1   2  0.83 0.53
   45 W    -5  -3  -7  -7  -6  -6  -6  -7   0   1   4  -4  -2   2  -5  -5  -4   9   1   0    1   1   0   0   0   0   1   0   2   6  41   1   1   9   1   1   1  23   4   5  1.45 0.72
   46 P    -5  -5  -6  -6  -7  -5  -6  -5  -5  -4  -5  -6  -7  -3   9  -4  -5   0  -5  -5    1   1   1   0   0   1   1   1   0   2   1   0   0   1  84   1   1   1   0   1  2.84 1.28
   47 L    -6  -5  -7  -7  -5  -6  -6  -6  -6   5   3  -6  -2   5  -6  -6  -5   1  -1   2    0   1   0   0   0   0   1   1   0  31  26   1   1  19   0   0   0   2   2  14  1.24 0.59
   48 L    -5  -5  -6  -7  -4  -7  -7  -7  -7   6   3  -7  -1   3  -7  -5  -5  -2  -1   3    1   1   0   0   0   0   0   0   0  42  21   0   2  11   0   1   1   1   2  16  1.36 0.64
   49 G    -4  -6  -7  -7  -8  -6  -8   8  -8  -9  -6  -7  -8  -9  -6  -7  -8  -8  -6  -9    1   1   0   0   0   0   0  94   0   0   1   0   0   0   1   0   0   0   0   0  2.90 1.28
   50 E    -5  -6   8  -4  -2  -3   1  -4   6  -7  -7  -6  -2  -7  -4   1  -3  -8  -5  -6    1   0  54   0   1   1  10   1  15   0   1   0   1   0   1  10   2   0   0   1  1.86 0.95
   51 T     0  -6  -4  -7  -5  -4  -5  -5  -5   2   4  -5   4   0  -5  -2   2   0  -2   1    8   0   1   0   0   1   1   1   0  10  41   0   8   4   0   3  11   2   2   7  0.77 0.46
   52 I    -4  -3  -5  -6  -4  -5  -4  -4   7   1   4  -3   0   2   1  -3  -4   0   1  -2    1   2   0   0   0   0   1   1  22   7  34   2   2   8   7   2   1   1   4   2  0.95 0.54
   53 A    -1  -1  -1   0  -4   6   2  -2   2  -4   0  -2  -2  -1  -3   0  -1  -3  -2  -5    5   3   2   6   0  36  11   3   5   1   9   2   1   3   2   6   3   0   1   1  0.71 0.50
   54 F    -4  -6  -6  -7  -6  -6  -7  -7  -5   2   5  -6   4   4  -6  -6  -5  -3   2   1    1   0   0   0   0   0   0   0   0  12  42   0   9  16   0   0   0   0   7   9  1.19 0.61
   55 R    -1   1   0   1  -4   0  -2   3  -2  -1   1   0   0  -1  -1  -1  -2   3   0  -1    5   9   4   8   0   4   2  23   1   4  14   5   2   3   3   3   2   4   3   4  0.19 0.18
   56 R    -2   3   0  -1  -2   0   0   1  -3  -2  -1   3  -1  -1  -1   1  -1  -1  -3  -2    3  15   5   4   1   4   4   9   0   2   5  18   2   3   3  12   4   1   1   3  0.24 0.21
   57 L     0   0  -1   0  -1   0   1   1  -1  -1   0   2   0  -1   0   0   0  -2  -1  -1    6   4   3   6   1   4   8   9   1   4  12  15   2   2   6   5   6   0   2   3  0.07 0.08
   58 H    -1   0   3   2  -3   1   0   0   3  -2   0   0   0  -1  -1  -1  -1   0   0  -2    4   4  13  11   1   5   4   9   8   2   9   6   2   2   3   5   4   1   3   3  0.14 0.11
   59 P    -2  -1   0  -1  -3  -1  -2   0  -1   1  -2  -1   1  -1   5  -1  -1   2  -1  -2    4   3   4   4   0   3   2   7   2   7   4   5   3   3  32   4   4   3   3   3  0.49 0.28
   60 C    -1  -1   0  -2  -1   0  -1  -2   6  -1   0  -1  -1   0   1   1   0  -1   1  -1    5   3   4   2   1   4   4   3  19   4  10   4   1   4   6  10   6   1   5   4  0.29 0.19
   61 T    -1   2   0   0  -1   1   0   0   0  -1   0   1   0  -1   0   0   0  -2   0   0    4  11   4   4   1   7   7   7   3   3   9  10   2   3   5   6   5   0   3   6  0.05 0.05
   62 S     0   1   1   1  -2   1  -1  -1   1  -1  -3   0  -2  -1  -1   3   0  -2  -1  -2    6   8   8   8   1   7   3   5   4   4   3   5   1   3   4  21   6   1   2   3  0.18 0.17
   63 L    -3  -2  -4  -5  -4  -3  -4  -3  -5   2   4  -4   2   3   3  -4  -3  -4  -2  -1    2   2   1   1   0   1   1   3   0  10  35   1   4  13  17   1   1   0   1   4  0.73 0.43
   64 G     0  -1  -1  -1   0   0  -1  -2   7  -1  -1  -2   1   1  -3  -1   1   4   1  -3    7   3   2   4   2   4   4   4  22   4   6   2   4   7   2   4   9   5   5   2  0.45 0.30
   65 E    -1   2  -1   1  -4   2   1  -2   1  -1  -1   3  -2  -2   0   0  -1  -3  -1  -1    4  13   3   7   0   8  10   2   3   3   6  17   1   1   5   6   3   0   2   4  0.23 0.19
   66 Y    -2  -2  -3  -4  -1  -2  -3  -4   1   0   2  -1   0   5  -4  -1   0   1   2   0    3   2   1   1   1   2   2   2   3   6  20   5   2  22   1   5   5   2   7   7  0.43 0.26
   67 M    -2  -2  -3  -2  -2   1  -3  -3   0   1   2  -4   3   4  -4   1  -2  -2   2   0    4   2   1   3   1   6   1   2   2   8  21   1   8  15   1  11   2   0   7   5  0.38 0.26
   68 E     0   2  -1   0  -3   2   1  -2   3  -2  -2   1   1   0  -3   0   0  -2   0  -2    9  13   2   5   1   9  11   3   6   2   4   9   3   4   1   5   6   1   3   3  0.18 0.16
   69 E    -1   0   1   2  -3   2   3  -2   1  -3  -2   2  -1  -3  -3   0  -2  -2  -1  -3    6   5   7  12   1   9  19   3   3   1   4  13   2   1   1   7   3   1   2   2  0.33 0.24
   70 H    -2   1  -1  -4   3  -2  -3  -4   0  -1   3  -1   3   0  -4  -3  -1   7   1  -3    3   8   3   1   6   1   2   2   2   4  27   3   6   4   1   2   4  13   5   2  0.59 0.33
   71 V     3   2  -1  -3  -2   0  -2  -2   1  -1  -2   0  -1   1  -2   1  -1  -2   1   0   24  11   3   1   1   4   2   3   4   3   3   4   2   6   2  12   4   1   5   7  0.23 0.21
   72 N     0   2   0   0  -4   3   2  -4   0  -5  -2   5  -3  -4  -4  -1  -1  -5  -4  -4    8  10   5   6   0  11  12   1   2   1   4  30   0   1   1   4   4   0   1   1  0.60 0.40
   73 K    -3   4  -3  -3  -6   1   0  -5  -2  -1  -4   6  -2  -6  -5  -4   1  -4  -5  -1    3  17   1   1   0   5   6   1   1   4   2  41   1   0   1   1   9   0   0   4  0.98 0.57
   74 Y    -6  -7  -3  -6  -5  -6  -7  -7   5  -5  -2  -5  -5   3  -7  -5  -5  -1   9  -6    1   0   1   1   0   0   0   1  10   1   4   1   0   9   0   1   1   1  67   1  2.57 1.14
   75 G    -5  -5  -6  -5  -6  -7  -5   7  -5  -8  -7  -5  -6  -8  -2  -2  -6  -7  -8  -6    1   1   0   1   0   0   1  87   0   0   1   1   0   0   2   3   0   0   0   1  2.47 1.12
   76 K    -4   0  -1   3  -4  -2  -1  -1  -2  -7  -7   1  -7  -6   6   0  -4  -8  -7  -6    1   4   3  16   1   2   4   6   1   0   0   8   0   0  43   8   1   0   0   0  1.21 0.72
   77 I    -3  -6  -3  -8  -5  -7  -8  -6  -8   5   2  -6   1   0  -7  -5  -1  -5  -5   5    2   0   2   0   0   0   0   1   0  32  18   0   3   3   0   1   4   0   0  33  1.23 0.64
   78 Y    -2  -8  -6  -9   0  -7  -8  -7  -4   0  -1  -8   6   7  -7  -3  -5   3   5   0    4   0   0   0   2   0   0   0   0   4   5   0  16  39   0   3   1   3  16   5  1.60 0.81
   79 R    -3   2  -3  -5   1   1  -4   0   2  -4   0   1   0  -1  -4   2   3  -2   0  -3    2  12   0   0   3   5   1   9   5   1   9   9   2   3   1  15  18   1   3   1  0.37 0.35
   80 S    -4  -5  -5  -7  -3  -6  -3  -5  -5   3   4  -7   1   3  -7  -2   1  -1   1   2    1   0   1   0   1   0   2   1   0  15  36   0   3  11   0   3   9   1   4  11  0.79 0.47
   81 N    -5   3   0  -2  -4   2  -4  -6   5  -3  -6   2  -1  -1  -5   0  -2   7   4  -5    0  17   4   2   0   9   1   1  12   2   0  12   1   2   1   7   3  13  12   1  0.94 0.59
   82 L    -3  -4  -4  -3  -4  -4  -3  -7  -7   3   4  -7   4   4  -6  -6  -3  -2  -3   1    2   1   1   2   0   1   2   0   0  15  41   0   9  14   0   0   2   1   1   7  0.98 0.54
   83 F    -1  -7  -7  -8  -7  -7  -8   7  -8  -3   0  -8   0   3  -6  -7  -6  -4  -4  -3    5   0   0   0   0   0   0  68   0   2   9   0   2  10   0   0   0   0   1   2  1.77 0.90
   84 G    -2   0   1  -1  -2   0  -1   3   1  -5  -3  -2   1  -1   2   2   1   1  -2  -3    3   5   6   3   1   4   4  20   3   0   3   2   3   3  10  18   8   2   1   2  0.32 0.30
   85 A    -2   3  -2  -3   0   2  -1  -4   0   0  -2   2  -1  -1  -4  -1   2  -4   0   2    2  15   2   1   2   9   4   1   2   6   4  14   1   2   1   5  11   0   3  13  0.30 0.28
   86 P    -3   1   0  -1  -6  -1  -2  -5   1  -4  -2   0  -4  -1   6   0   1  -5   0  -3    3   7   4   3   0   2   3   1   3   1   4   5   0   3  40   7   7   0   3   2  0.84 0.57
   87 T     0  -1  -2  -5   1  -3  -5  -5  -2   1  -1  -5   3   0  -5   0   4  -3  -3   4    9   3   2   0   2   1   0   0   1   7   6   0   8   5   0   6  21   0   1  26  0.62 0.44
   88 I    -2  -7  -8  -9  -4  -8  -8  -8  -8   4   2  -7  -1  -2  -8  -7  -1  -5  -2   6    4   0   0   0   0   0   0   0   0  19  16   0   2   2   0   0   4   0   2  50  1.47 0.75
   89 V    -2  -4  -2  -8  -1  -4  -8  -7  -3   3   0  -7   1   1  -4  -4  -3  -3   1   6    3   1   2   0   1   1   0   0   1  12   7   0   4   5   1   2   2   1   4  53  1.22 0.66
   90 S     0  -7  -8  -7  -3  -7  -8  -7  -8   4   3  -7  -2  -1  -6  -2  -1  -7  -2   5    7   0   0   0   1   0   0   0   0  21  26   0   1   2   0   3   4   0   1  33  1.10 0.60
   91 A     0  -1   2  -4   3  -5  -6  -2   2  -2  -2  -4   2  -3  -6   5   2  -6   0  -3    6   3   9   1   5   0   0   3   4   2   4   1   4   1   0  37  13   0   3   2  0.74 0.55
   92 D    -5  -3   0   5  -1  -4   0   3   1  -7  -6  -5  -8  -9  -6   4   0  -9  -8  -8    0   1   5  29   1   0   5  21   3   0   1   0   0   0   0  27   5   0   0   0  1.10 0.69
   93 A     2   0  -3  -5  -5  -3  -5  -6   1  -2  -1  -2  -4  -2   6  -1  -1  -1   2  -2   15   4   1   1   0   1   1   0   3   2   7   2   0   2  41   5   4   1   8   3  0.97 0.63
   94 E    -1   0  -2   4  -6   1   5  -5  -2  -5  -5   1  -7  -9  -2  -1  -4  -9  -8  -6    5   4   2  20   0   6  40   1   1   1   1   9   0   0   2   5   1   0   0   1  1.04 0.66
   95 L     3  -4  -1  -1  -4  -3  -3  -1  -1   1   2  -3   3  -1  -5  -2   1  -3   0   1   21   1   3   3   0   1   1   5   1   8  20   1   8   2   0   2   9   0   3   9  0.34 0.29
   96 N     4  -7   1  -7  -2  -6  -7  -7  -3   4  -1  -7  -1  -2  -6  -3  -3  -8  -6   4   36   0   8   0   1   0   0   0   1  21   5   0   2   1   0   2   1   0   0  22  1.08 0.64
   97 R    -2   5  -2  -3  -5   0   2  -5   2  -7  -8   6  -4  -7  -7  -4  -4  -1  -4  -6    4  26   2   2   0   4  12   1   4   0   0  39   0   0   0   1   1   1   1   0  1.30 0.75
   98 F    -2  -2  -3   1  -8   3   6  -7   1  -4  -3  -1  -4   1  -4  -3  -2  -7  -1  -3    4   2   1   8   0  13  44   0   3   1   4   4   0   6   1   1   3   0   2   3  0.94 0.63
   99 V     2  -8  -7  -8   2  -7  -8  -8  -8   4   1  -7   0   0  -7  -5  -5  -7  -6   5   17   0   0   0   3   0   0   0   0  23  14   0   2   4   0   1   0   0   0  34  1.18 0.64
  100 L    -7  -8  -8  -7  -6  -6  -8  -6  -8  -3   6  -7   4   5  -8  -6  -5  -5   0  -4    0   0   0   0   0   0   0   1   0   1  61   0   9  21   0   1   1   0   3   1  1.78 0.88
  101 M    -1   1   0  -1  -3   1  -3  -2   1   2  -1   3  -1  -5  -4   0   1  -6  -5   3    4   7   4   4   1   6   1   3   3  10   5  17   2   0   0   8   7   0   0  18  0.28 0.26
  102 N    -2   1   3   1  -5   1  -2  -2   0  -5  -5   4  -5  -5  -5   0   4  -7  -6  -3    3   6  13   9   0   5   3   4   2   1   1  21   0   0   0   8  21   0   0   2  0.61 0.46
  103 D    -4   1   3   1  -4   4   2  -6   5  -7  -3   2  -4  -4  -1  -1  -2  -7  -1  -5    1   7  11   6   0  16  14   0  14   0   2  11   0   1   4   5   2   0   3   1  0.69 0.48
  104 E     0  -3   0   4  -5  -2  -1   3   0  -6  -4  -2  -6   2  -2   1  -3  -1   0  -4    7   1   4  26   0   2   4  20   2   0   2   3   0  10   2  12   1   1   3   1  0.57 0.41
  105 R     0   1   0   1  -2   0   2  -2   1  -1   0   1  -2  -1  -1   0  -1  -2  -2   0    8   7   4   8   1   4  12   2   4   3  10  10   0   2   3   9   2   0   1   7  0.11 0.13
  106 L     0  -1   2   2  -3  -2   1  -3  -1   1   0  -1  -1  -1  -2   0  -1  -4   0   1    9   2   9  11   0   1  11   1   2  10  11   4   1   2   2   6   3   0   3  10  0.13 0.15
  107 F    -3  -7  -3  -2   1  -4  -6  -5  -4  -2   0  -3  -2   8  -4  -3  -1  -2   3   1    2   0   2   3   3   1   0   1   0   2   8   2   1  49   1   2   5   0   8   8  1.32 0.69
  108 E     2  -1  -2  -2   2   0  -1  -2   1  -2  -4   2  -3  -6  -3   4   0  -7  -4  -1   19   3   1   3   4   4   4   4   3   2   1  10   1   0   1  29   4   0   1   4  0.47 0.40
  109 P     0  -2   3   3  -1  -2  -2   2  -1  -4  -3  -2  -2  -6   2   2  -1  -7  -4  -3    6   2  15  15   1   1   2  16   1   1   3   3   1   0  10  16   4   0   1   2  0.46 0.37
  110 C    -3   7  -3  -3  -2  -2  -2  -1   0  -5  -5  -1  -4  -3  -2  -1  -2   2  -3  -2    2  59   1   2   1   1   2   4   2   1   1   4   0   1   3   5   2   3   1   3  1.42 0.80
  111 F    -3  -2  -4  -2  -5  -4  -3   0  -1  -2  -3  -2   0   2   6  -4  -2   5   4  -2    2   3   1   2   0   1   2   8   2   3   3   2   2   7  36   1   3   6  13   3  0.93 0.60
  112 P    -1   1  -1   0  -3   1   0  -3   1  -1  -1   0   0  -2   3   0   0   1   2   0    4   9   2   5   1   5   5   2   4   3   6   6   2   1  16   6   5   2   9   7  0.20 0.20
  113 K    -1   0   1   0  -4   0  -1  -3   1  -1   0   1   1   1   1   1   1  -3  -1  -1    5   6   8   5   0   4   3   1   4   3  10   8   3   7   7  11   9   0   2   4  0.11 0.14
  114 S     1  -2  -1  -1  -4  -1  -1  -1  -1   0   0   0  -1   2   2   1  -1  -4   1   0   12   1   3   3   0   2   4   4   1   5  10   5   2   9  10  14   4   0   6   7  0.13 0.16
  115 V     1   0  -3  -4  -3  -3  -3  -1   0   2   1  -1   2   0  -1   0   2  -2   0   2   12   4   1   1   0   0   1   6   2  10  11   3   6   4   3   7  11   1   3  14  0.18 0.18
  116 A     1   1  -1  -2  -3   0   0  -1   1  -1   0   0   1   2  -2   0   1  -3  -1   0   11   8   3   2   0   3   5   4   3   4   7   6   4  12   2   7  10   0   2   8  0.08 0.11
  117 D    -2   2   0   3  -4   1   2   0   1  -4  -4   2  -4  -4   2  -1   0  -6   0  -4    2   9   4  17   0   6  11   6   4   1   1  13   0   1  10   4   5   0   3   1  0.40 0.33
  118 I    -2  -1  -4  -2  -3  -2  -3  -3   2   3   2   0   1   1   0  -2  -1   4   0   1    4   4   1   2   0   1   2   3   5  19  17   5   3   6   6   3   3   6   4   8  0.28 0.22
  119 L    -3  -2  -3  -5   0  -2  -6  -5  -1   3   3  -4   4   4  -5  -5  -2  -5  -1   1    3   3   2   1   2   2   0   1   2  16  30   1   9  17   1   0   3   0   1   7  0.74 0.44
  120 G    -2  -2   1  -3  -2  -3  -4   5  -3  -5  -1   0  -1   1  -3   1   1  -1  -5  -4    3   3   5   2   1   1   1  41   1   1   6   5   1   5   1  12   8   1   0   1  0.67 0.45
  121 H    -2   2   0   1  -3   0   0   1   2  -5  -4   2  -5   0   0  -1  -2  -3   5  -5    3   9   5   8   1   3   5  11   5   0   1  13   0   4   4   5   2   0  19   1  0.44 0.33
  122 T    -2  -1   3   3   1  -1  -2   3   2  -4  -4   0  -3  -5  -5   0   0  -1   0  -4    4   4  15  17   3   2   2  21   5   1   2   6   1   0   0   7   5   1   3   1  0.48 0.35
  123 S    -1  -4   2  -4   0  -1  -4   4   0   1   0  -2   0  -4  -5   1  -1  -4  -2   0    5   1  11   1   2   3   1  30   2   9   8   3   3   0   0  10   3   0   2   7  0.43 0.33
  124 M     0  -5  -4  -5  -4  -3  -6  -1  -5   3   3  -4   1   0  -3   0  -3   0  -5   3    8   1   1   0   0   1   0   5   0  18  29   1   3   3   1   7   1   1   0  19  0.60 0.39
  125 L    -1  -7  -5  -3  -4  -4  -6  -3  -6   1   2  -6   2   6  -5  -1  -1   1   0   1    5   0   1   1   0   1   0   2   0   8  21   0   4  33   1   5   5   2   3   9  0.86 0.50
  126 V     2  -5   0  -1  -2  -4  -5  -2  -3   0   0  -4   1   3  -3   2   2  -4  -3   0   18   0   5   3   1   0   0   3   1   5   9   1   4  14   1  16  12   0   0   6  0.37 0.33
  127 L     1  -2  -1  -1  -1  -1  -3  -3   1  -1   1  -2   0  -1   4   2   0  -5  -3   0   10   3   2   4   1   3   1   1   3   3  13   3   2   3  19  18   5   0   1   6  0.31 0.29
  128 T    -4  -1   3   2  -4   0   0  -3   2  -4  -4  -1  -2   0  -2   1  -2  -4   6  -3    1   3  14  10   0   4   6   2   4   1   2   3   1   3   2  10   2   0  29   2  0.74 0.51
  129 G    -4  -4   1   0  -4  -5  -3   7  -5  -9  -8  -4  -6  -6  -6  -1  -3  -3  -3  -9    1   1   5   6   1   0   2  71   0   0   0   1   0   0   0   5   2   0   1   0  1.79 0.92
  130 E     0  -3   0   4  -8   0   4  -4  -1  -8  -6   1  -6  -6   3  -1  -3  -8  -6  -5    7   1   4  21   0   5  28   1   2   0   0   7   0   0  16   5   1   0   0   1  0.89 0.60
  131 M    -1   2  -2  -1  -5   1   1  -3   3  -1  -2   1  -2  -1  -3  -1   0   3   4  -1    5  12   2   4   0   5   9   2   8   3   3  10   1   2   1   4   5   3  16   5  0.34 0.29
  132 H    -5  -6 -10 -11 -10  -4 -10  -8   5  -6  -4  -4  -4  -1 -11  -5 -10  12  -2  -8    2   1   0   0   0   1   0   0  13   1   2   1   0   3   0   1   0  74   2   0  4.02 1.69
  133 R    -1   6  -4  -5  -8   0  -4  -5  -1  -5  -4   5   0  -2  -6  -2  -3  -5  -3  -3    5  39   1   0   0   3   1   1   2   1   2  33   2   2   0   4   2   0   1   2  1.30 0.74
  134 Y     0   3   0   0  -5   3   2  -5   3  -2  -1   2   0   0  -5  -1  -1  -4  -1  -3    7  13   5   4   0  13  15   0   6   2   5  11   2   4   0   3   4   0   2   2  0.37 0.31
  135 M    -3   2  -2  -3  -5   2  -4  -5   4   1   3  -4   6  -2  -7  -3  -2  -6  -2   0    2  11   2   1   0  10   0   1  10   7  24   1  16   1   0   2   3   0   1   6  0.70 0.47
  136 K    -8   8  -5  -9 -10  -5  -7  -8   1 -10  -7   3  -8  -6  -9  -8  -7 -10  -9  -8    0  81   1   0   0   0   0   0   3   0   1  13   0   0   0   0   0   0   0   0  2.87 1.33
  137 S    -2   5  -2  -5  -5  -1  -4  -2   0  -4  -5   5  -1  -8  -7   0  -2  -8  -7  -4    4  31   2   0   0   3   1   3   2   1   1  37   2   0   0   8   3   0   0   1  1.20 0.70
  138 L    -1  -3  -4  -6  -2  -4  -5  -5  -4   4   3  -2   3   4  -7  -4  -3  -3  -3   1    5   2   1   0   1   1   1   1   0  23  30   2   7  14   0   1   2   0   1   9  0.81 0.46
  139 S     1  -6  -3  -6   5  -3  -6  -4  -3   2   3  -6   2   0  -6   1   1  -3  -2   1   11   0   1   0  11   1   0   1   1  10  24   0   4   4   0  12   8   0   2  10  0.55 0.38
  140 V     0  -1   1  -4  -5   1  -4  -4   1  -1   1  -1   3  -4   0   1   3  -6  -2   1    7   4   7   0   0   7   0   1   4   3  15   3   7   0   4  10  15   0   1  11  0.28 0.28
  141 N     0  -1   2  -3  -6   2   0  -3   0  -3  -1  -1   0  -4   4   2   1  -7  -4  -1    6   4  10   1   0   8   5   2   2   2   7   3   2   1  22  14   7   0   1   4  0.41 0.36
  142 F     2  -3  -2  -3  -4   0   2  -1   3  -1  -1  -2  -2   2  -1  -1   2  -5  -2  -1   19   1   2   1   0   4  16   6   6   3   6   1   1   9   3   5  11   0   1   4  0.26 0.27
  143 M    -6  -7  -8  -9  -7  -8  -8  -4  -3   0   5  -7   4   6  -6  -6  -6  -6  -3  -2    1   0   0   0   0   0   0   2   1   5  43   0   9  34   1   1   0   0   1   3  1.62 0.80
  144 G    -1   2   1  -5  -5  -2  -3   0   3  -4   2   0   1   2  -5   2   2  -5  -2  -3    4  11   6   0   0   1   1   7   7   0  17   5   3  10   0  14  12   0   1   1  0.35 0.32
  145 I    -2   0   2  -4  -2  -1  -3   1   1  -2  -1   0  -1  -1   2   3   1  -6  -1  -2    3   5   9   0   1   2   1  10   3   3   6   5   2   2  11  25   9   0   2   2  0.32 0.32
  146 A     1   0   1   1  -5   0   1   1  -1  -4  -3   2  -2   1   2   0   0  -5  -4  -3   10   4   8   6   0   3  10   9   1   0   3  14   1   6   9   8   6   0   0   2  0.22 0.22
  147 R     1   3   1  -3  -5   1  -4  -2   0  -1  -5   5  -1  -6  -6   0  -2  -5  -4  -3   13  17   6   1   0   7   1   3   2   3   1  31   1   0   0   8   3   0   0   2  0.70 0.49
  148 L    -1   1  -2  -4  -1  -3  -3  -3  -3   2   3  -1   3   0  -4   0  -1  -4  -2   1    6   7   2   1   1   1   1   2   0  12  29   4   8   3   1   8   3   0   1   9  0.37 0.28
  149 R    -1   3  -2  -4  -5   1  -1  -3  -1   1   1   4  -1  -3  -5  -2  -4  -6  -4   2    5  13   2   1   0   6   5   2   1   7  13  24   2   1   0   3   1   0   0  16  0.46 0.35
  150 N     0   1   2   0  -4   3   3  -2   2  -5  -4   0  -4  -4   0   1  -1  -6  -3  -5    8   7   9   6   0  11  21   4   5   1   1   6   0   1   4  11   3   0   1   1  0.43 0.35
  151 N    -1  -1   0   1  -3   1   0  -1   2   0  -1   0   4   1  -3   2  -1  -2  -1  -1    4   3   3   7   1   7   7   4   5   5   4   6  10   6   1  16   4   1   2   5  0.17 0.19
  152 F    -4   2  -5  -6  -3  -1  -3  -5   0   1   0  -2   2   5  -2  -4  -3   2   5  -2    1  11   0   0   1   2   2   1   2   7   9   3   5  24   3   1   1   2  20   2  0.82 0.48
  153 L     0   1  -2  -3  -1   0  -1  -3  -3   3   1  -2   2  -2  -3  -1   0   0  -1   3    7   9   2   1   1   4   4   1   1  15  14   2   5   2   1   5   6   1   2  20  0.24 0.21
  154 G    -1   0   0   0  -4   2   1   0   2  -3  -2   0  -2  -3   3   1  -1  -6  -2  -3    4   6   5   5   0  10  10   8   5   2   4   7   1   1  16   9   4   0   2   2  0.29 0.27
  155 D    -2  -1  -2   1  -3   1   3  -4   0   2  -1   0   1  -1  -4  -2  -2  -4  -2   2    3   4   2   9   1   7  21   1   3  13   6   6   3   2   0   2   2   0   1  13  0.31 0.27
  156 S    -1   3  -4  -4   0   2   2  -5  -2   2  -1  -2   3   0  -4   0  -2  -2  -1   1    5  16   0   1   2   8  14   1   1  13   5   2   8   4   1   7   1   1   3   9  0.34 0.30
  157 E     2  -1   0   2  -3   1   4  -2   1  -3  -3  -2  -3  -3  -5   1  -1  -7  -4  -2   15   3   4  11   1   7  29   4   3   2   2   2   1   1   0   8   3   0   1   4  0.49 0.40
  158 L     0   2   0   2   2   1   3  -2   1  -1  -1   1   0  -3  -3   0  -2  -4  -4  -2   10  10   5  12   4   7  16   3   3   3   6   8   2   1   1   6   2   0   0   3  0.24 0.23
  159 Y    -2  -1  -2  -3   2   0   4  -5   0   0   0  -1   1   2  -5   0  -2  -2   1   1    4   3   1   1   4   4  24   0   2   5  11   3   3   8   0   9   3   1   5   9  0.30 0.28
  160 I     0  -3  -3  -7   3  -5  -5  -5  -5   3   3  -5   3  -4  -7  -3   0  -7  -3   4    9   1   1   0   5   0   1   1   0  14  27   1   6   1   0   2   7   0   1  24  0.75 0.45
  161 T     0   2   0   0   1   1   1  -2   0   0   0   1   0  -2  -4   0  -1  -3  -2   1    6  10   5   5   3   6   8   2   2   6  12  10   2   1   0   6   4   0   1  12  0.11 0.13
  162 Q     0   2   1   2  -2   2   3  -4  -1  -1  -1   2  -1  -3  -3   0  -1  -6  -2  -2    7  12   5  10   1   7  20   1   1   4   6  10   1   1   1   5   3   0   1   3  0.32 0.28
  163 N    -1  -2  -1  -2   0  -2   1  -5   4  -1   2  -1   5   1  -6  -2  -1  -5   1   0    5   3   3   3   2   1   8   0   9   2  21   4  15   6   0   3   3   0   5   6  0.41 0.32
  164 F    -2  -4  -4  -3  -2  -3  -5  -5   1   2   4  -3   3   3  -4  -2  -2   0  -1   2    3   1   1   2   1   1   1   1   3  12  35   2   6  10   1   3   2   1   2  15  0.65 0.39
  165 N     0   3   1   1  -3   1   2  -3   0  -3  -3   3  -3  -3  -4   0   0  -6  -3  -3    8  17   6   9   1   6  13   2   2   2   2  15   1   1   0   8   5   0   1   2  0.38 0.31
  166 R     0   3   0   0  -6   1   0  -2   1  -3  -3   4  -3  -3  -5   2  -2  -7  -2  -3    7  12   5   6   0   5   6   3   4   2   3  28   1   1   0  13   2   0   2   2  0.48 0.38
  167 W     0  -3  -2  -3   0  -2   1  -1  -2   0   1  -3   1   1  -6   1   0   8  -1  -2    8   1   2   1   2   2   8   5   1   6  15   1   3   6   0   9   6  20   2   3  0.57 0.38
  168 K     1   1   0   0  -1   1   2   0   1  -3  -2   2  -2  -4   0   1  -1  -5  -3  -1   11   7   5   5   2   7  13   6   3   1   4  12   1   1   4  11   3   0   1   4  0.18 0.19
  169 E     0   0   1   1  -2   1   3   2  -3  -5  -4   1  -4  -6  -1   1  -1  -6  -4  -3    8   4   7   8   1   7  21  15   0   1   1   9   0   0   3   9   3   0   0   2  0.39 0.33
  170 N    -1  -2   2   1  -4   1  -2   4   2  -6  -4   0  -2  -4  -3   3  -1  -7  -3  -5    6   2  10   7   0   6   3  27   4   0   2   7   1   1   1  19   3   0   1   0  0.54 0.40
  171 I     1   0  -1  -1  -2   1   1   1  -1  -1  -1   1  -1  -2   0   1   0  -3  -3   0   10   4   2   3   1   6  11  12   1   3   7  10   1   2   5   9   7   0   1   6  0.10 0.12
  172 P     0  -2  -3  -2  -1  -2   2  -3  -5  -1  -3  -3  -3  -4   5   1   1  -5  -5   1    9   3   1   2   1   2  13   2   0   4   3   1   1   1  27  10  10   0   0   8  0.55 0.42
  173 F    -3  -4  -5  -3   0  -3  -3  -3  -6   4   1  -3  -1   4  -6  -3  -3  -6  -3   5    2   1   1   2   2   1   2   2   0  20  11   2   1  16   0   2   1   0   1  32  0.81 0.47
  174 P    -3  -2   5   5  -5  -3   2  -6   1  -2  -4  -1  -4  -5  -1  -1  -2   0  -7  -1    3   2  23  34   0   1  10   0   3   2   2   3   0   1   3   4   2   1   0   5  0.94 0.58
  175 A    -1  -6  -7  -7  -4  -5  -6  -4  -1   3   3  -6   4   2   2  -4  -2  -4  -4   3    5   0   0   0   0   0   0   1   2  16  26   0   8   7  12   1   3   0   0  17  0.75 0.45
  176 K    -1   2   0  -2  -2   2  -1  -1   1  -3  -1   1   0   2  -3   1   1  -1   1  -3    4  12   5   1   1   9   2   5   4   1   8  10   3   8   1  12   9   1   5   1  0.19 0.21
  177 E    -2   0   0   3  -1   1   3  -3   1  -3  -3   2  -4   1   2  -1  -2  -6  -3  -4    3   5   3  15   2   6  21   1   4   2   2  10   0   5   9   5   2   0   1   1  0.42 0.33
  178 E     0  -1  -1  -1  -2  -1   2  -4   3   0   2  -1   2  -1  -2  -1  -2   3   2   0    8   3   2   4   1   2  12   1   9   6  18   3   5   2   2   4   2   3   8   6  0.20 0.20
  179 A     0  -7  -5  -7   0  -5  -7  -6  -7   3   3  -6   4   4  -3  -3  -1  -6  -1   1    7   0   1   0   2   0   0   0   0  16  30   0  10  14   2   3   3   0   2   9  0.81 0.47
  180 C     0   1   0  -2   1   2  -1   0   0  -2  -2   2   0   2  -2   1   0  -4  -1  -1    9   8   5   1   3   8   2   6   3   2   4  11   3  11   1  11   6   0   2   3  0.15 0.18
  181 K    -1   3   1  -1   2  -1   1  -2   2  -2   0   2  -1  -2  -4   0   0  -1  -1  -2    6  17   6   2   4   2   8   2   4   2   9  14   1   1   0   8   5   1   2   3  0.24 0.22
  182 V     1  -6  -5  -7   1  -6  -4  -6  -5   0   3  -6   4   4  -4  -2   0   1   4   0   11   0   1   0   3   0   1   0   0   4  24   0  11  14   1   3   6   2  14   6  0.73 0.46
  183 T     1  -7  -2  -7  -1  -6  -6  -4  -7   0  -2  -6   1  -5  -1   2   5  -8  -5   2   12   0   2   0   1   0   0   1   0   5   3   0   4   0   3  15  38   0   0  15  0.94 0.63
  184 F     0  -5   1  -5   3  -5  -4  -1  -5   1   2  -5   3   4  -6   0   0  -4   1  -1   10   0   8   0   6   0   1   4   0   6  20   0   6  17   0   6   6   0   4   4  0.48 0.35
  185 N    -2   0   6   5  -4  -5   1  -3  -4  -8  -4  -3  -7  -3  -7   2  -2  -1  -2  -7    4   4  35  25   0   0   7   2   0   0   2   2   0   1   0  12   2   1   2   0  1.14 0.68
  186 L    -1  -7   0  -6  -6  -7  -7  -6  -6   5   0  -7   2  -4  -6   0   2  -8  -5   5    4   0   4   0   0   0   0   1   0  28   9   0   4   1   0   6  11   0   0  31  1.02 0.58
  187 M     1  -8  -8  -8  -7  -6  -8  -5  -6   7   0  -8   3  -2  -8  -1   0  -8  -7   2   11   0   0   0   0   0   0   1   0  49   9   0   6   2   0   5   6   0   0  10  1.32 0.69
  188 V     1  -4  -2  -6   7  -2  -6   0  -4  -3  -1  -5   3   1  -6   2   1  -2   0  -1   11   1   2   0  21   2   0   8   0   2   6   0   7   5   0  17   9   1   3   5  0.71 0.47
  189 K    -1   5  -1  -2  -1   0   0  -1  -1  -3  -2   3  -3  -4  -5   2   0  -4  -2  -5    5  29   3   2   1   4   5   4   1   1   4  14   1   1   0  15   6   0   1   1  0.56 0.42
  190 N     0  -4  -2  -5   4  -1  -5  -5  -3   3   1  -4   4   0  -6  -1   2  -6  -1   2    9   1   2   0   8   3   0   1   1  15  13   1  10   3   0   5  12   0   2  15  0.50 0.35
  191 I     3  -3  -5  -5   3  -6  -6  -4  -6   3   2  -5   2   1  -6  -1   1  -6  -3   2   23   1   1   0   6   0   0   2   0  13  18   0   5   5   0   4   7   0   1  13  0.58 0.39
  192 L    -3  -9  -5  -8  -2  -4  -9  -6  -4  -1   1  -9   3   8  -9  -6  -4  -4   2  -2    2   0   1   0   1   1   0   1   0   4  13   0   7  57   0   1   1   0   6   3  1.88 0.89
  193 S    -3  -5   0  -1  -4  -4  -4   7  -8  -9  -9  -7  -6  -3  -7   3  -5  -9  -9  -9    2   1   4   3   1   1   1  67   0   0   0   0   0   2   0  17   1   0   0   0  1.81 0.93
  194 L    -2   2  -2  -1  -1   1   1  -4   1   1   0   2   0   1  -3   0  -1  -3   0   1    2  11   1   3   1   7   8   1   3   9   9  11   2   6   1   7   3   0   4  10  0.16 0.17
  195 N    -3   4   3   3  -2   0   2  -3  -2  -5  -5   1  -3  -6  -4   1  -1  -5  -2  -3    2  25  13  13   1   3  11   2   1   1   1   6   1   0   1  11   4   0   1   2  0.63 0.44
  196 P    -1  -3  -2  -1   2  -3  -3  -3  -2   1   0  -1  -1   4   2  -2  -2  -4   4   0    5   1   2   4   4   1   2   2   1   7  10   4   2  20   9   3   3   0  13   7  0.40 0.29
  197 G    -1   0   1   3  -4   1   1   2  -1  -5  -5   0   0  -2   0   1  -1  -5  -2  -4    4   6   5  17   0   5  10  18   2   0   1   7   3   2   5  10   3   0   1   1  0.34 0.28
  198 E    -3  -2   0   4  -2   0   3  -2   2  -4  -3   1  -5  -3  -3   1  -2  -3   2  -2    2   2   4  23   1   4  19   4   4   1   3   7   0   1   2  12   2   0   7   3  0.49 0.37
  199 P    -2   0   0   1  -2   1   3  -2   0  -3  -2   1  -1  -2   3   0   0  -3   0  -2    3   5   4   8   1   5  16   4   2   1   5   9   1   2  15   6   5   0   3   3  0.26 0.23
  200 E    -2  -1   0   3  -6   0   4  -3  -1  -1   0   0  -2   2  -3  -2  -2  -2   1  -2    3   3   4  18   0   4  24   2   1   3   9   6   1   8   1   3   2   1   5   2  0.39 0.32
  201 S     1   0   1   2  -3   1  -1  -1  -2  -1  -1   0   0   1  -2   1   0  -4  -2   1   12   4   8  11   0   6   3   4   1   3   4   5   3   7   2  11   5   0   1  12  0.11 0.15
  202 E    -2  -1   0   2  -4   2   5  -2   0  -4  -4   0  -2  -7  -1  -1  -1  -7  -5  -2    3   3   5   9   0   9  38   3   2   1   2   6   1   0   4   5   3   0   0   3  0.69 0.48
  203 H     0   1   1   0  -3   1   2  -3   3  -2  -1   1   0   1  -2   0   0  -3   1  -2    8   7   7   5   0   5  13   1   7   2   8   9   2   7   1   6   5   0   4   2  0.15 0.16
  204 L    -2  -6  -6  -5  -1  -5  -6  -5  -7   3   4  -5   3   5  -4  -4  -2  -6  -1   2    3   0   0   1   1   0   0   1   0  15  31   1   7  22   1   1   2   0   2  11  0.93 0.51
  205 R     0   3   0  -1  -2   1   1  -2   1   0  -1   3  -1  -1  -3   0  -1  -3  -1  -1    7  15   4   4   1   6   8   2   3   5   6  18   1   3   1   6   3   0   2   5  0.20 0.19
  206 K     0   2  -1   2  -3   1   2  -4   1   0  -1   3  -1  -4  -2  -1  -1  -4  -4  -2    7  11   3  10   0   6  14   1   3   6   8  19   1   1   2   3   3   0   0   2  0.31 0.27
  207 L    -1  -2  -2  -1   0  -2  -1  -4  -3   2   4  -3   3   0  -3  -2  -1  -2  -2   1    6   3   2   3   2   1   5   1   1   9  34   1   7   4   2   3   3   1   1  11  0.36 0.27
  208 Y    -1  -4  -1  -3  -3  -3  -3  -3  -2   1   0  -4   2   5  -5   0   0  -1   4   1    5   1   3   1   0   1   2   2   1   7  10   1   4  22   0   8   6   1  14  11  0.53 0.35
  209 M    -1   1   0   1  -4   1   2  -3   2  -1  -1   1   0  -2  -2   1   1   0  -1  -1    4   7   4   9   0   6  11   2   5   3   6  10   3   2   1   9   8   1   3   5  0.15 0.16
  210 S     0  -1   0   2  -3   0   3  -1  -2   0  -1  -1   1  -3   1   1   0  -5  -3  -2    8   3   5  13   0   4  17   4   1   5   5   4   3   1   7   9   7   0   0   3  0.20 0.20
  211 F    -2  -3  -3  -6  -5  -4  -2  -4  -6   2   3  -4   3   5  -5  -2  -2   4  -2   1    4   1   1   0   0   1   3   1   0  12  25   1   7  23   1   3   2   5   1   9  0.72 0.42
  212 M    -1  -2   0   0  -3  -2   0  -1  -1   2   2  -2   4   2  -4  -2   0  -4  -2   1    5   2   4   6   0   2   6   4   2  11  19   2  13   7   0   2   5   0   1   9  0.26 0.22
  213 K    -1   1   0   0  -2   2   2  -2  -1  -2   0   2  -1  -1   0   0   0  -2   0  -1    5   9   5   4   1   8  12   3   1   2   9  12   1   2   5   7   7   0   3   4  0.12 0.14
  214 G     1  -1   1   0  -5  -3  -3   4  -2  -2  -1  -3   0  -1  -2   1  -2   0  -2  -1   10   4   7   4   0   1   2  34   1   2   7   1   3   3   3  10   2   1   1   4  0.42 0.32
  215 V     0  -3  -2  -3   0  -3  -2  -2  -2   1   2  -2   2   3  -3   0   0  -2   2   2    7   1   2   2   2   1   2   3   1   7  17   2   4  14   1   7   5   1   8  14  0.26 0.21
  216 V    -1   0   1  -1  -3  -1  -2  -2  -1   1   0  -2   1   4   0   0  -1  -2   0   0    5   6   8   3   0   2   2   3   1  10  10   2   4  20   4   7   4   0   3   6  0.21 0.19
  217 A     0  -3   2  -1   0  -1  -2  -1   1  -1  -1  -2   0   1   3   3   0   0   1  -2    7   1   9   3   2   2   2   4   3   3   5   2   2   7  14  22   4   1   4   2  0.27 0.27
  218 I    -1  -3  -3  -3  -5  -3  -5  -4  -4   4   2  -5   1   4  -1  -3  -3   2  -2   2    5   2   1   2   0   1   1   1   0  21  19   1   3  19   4   2   1   3   1  13  0.63 0.38
  219 P     0  -3   0  -3  -1  -4  -3   0  -5  -3   0  -4   1   1   6   1  -3   0  -3   0    9   2   5   1   1   1   2   7   0   1  10   1   3   5  33   9   1   1   1   6  0.62 0.45
  220 L    -3   1  -2   4  -5  -2  -2  -5  -2   2   2   0  -2   2  -3  -1  -2   3  -2   0    2   7   2  20   0   2   2   0   1  14  16   5   1  10   1   4   3   3   1   5  0.37 0.29
  221 N    -3  -1   1   1  -2  -4  -3  -3   1   0   1  -1   0   3  -3  -2  -2   4   5  -2    2   4   8   9   1   0   1   2   3   6  13   4   3  11   1   3   2   5  18   3  0.44 0.32
  222 L    -3  -2  -5  -7  -4  -4  -6  -6  -6   3   4  -3   2   5  -6  -5  -2  -1   0   1    2   2   1   0   0   1   0   1   0  16  34   2   4  22   0   0   3   1   3   8  0.95 0.51
  223 P    -4  -2  -3  -4  -6  -2  -4  -7  -4  -5  -2  -5  -3  -1   8  -3  -4  -3  -1  -6    1   2   2   1   0   2   2   0   0   1   5   1   1   3  72   2   1   1   2   1  2.12 1.09
  224 G    -3  -1   0  -3   0  -2  -3   3  -4   0  -1  -2  -2   3  -3   1   0   5   0  -2    2   4   5   1   2   2   2  25   0   5   6   3   1  11   1  10   7   8   3   2  0.40 0.31
  225 T    -1  -1  -3  -4  -3  -3  -3  -1  -3  -2   3   0   0   2   2  -1   2   3  -1  -2    4   3   1   0   1   1   1   6   0   2  27   6   2   8  11   5  13   4   2   2  0.34 0.29
  226 A     1   1   0  -2  -3   0  -1   1   0  -2  -1   1   0  -1   0   1   0   1  -1  -2   12   9   4   2   0   5   4  10   3   2   8   9   2   2   5  12   7   2   2   2  0.10 0.12
  227 Y    -4   0   0  -5  -5  -4  -4  -4   4  -2   1   0   1   4  -3  -3  -4   7   4  -4    1   5   4   1   0   1   1   1  10   3  13   5   3  16   2   2   1  16  14   1  0.89 0.49
  228 K    -2   4   2  -2  -4   0  -2  -2   2  -1   0   3  -1  -2   0  -2  -2   2   0  -4    4  20   9   2   0   4   3   3   4   4   9  19   2   1   4   3   2   3   4   1  0.37 0.30
  229 K    -3   5   0   0  -6   1   1  -3   0  -3  -2   5  -2  -5  -1  -3  -3  -3  -2  -3    2  25   4   6   0   5   7   2   2   2   4  30   1   0   3   1   2   0   1   2  0.73 0.47
  230 A     1  -1  -1  -2   1  -2  -2   0   1   1   1  -2   2   2  -3  -1  -1   2   1   1   12   4   2   2   4   1   2   6   4   6  13   2   7  11   1   3   3   2   5   9  0.14 0.14
  231 I    -1   1  -1  -1   0   0  -1  -3  -1   1   2   2   2   2  -3  -2  -1   3  -1   0    6   7   2   4   2   3   4   1   1  10  17  13   4   8   1   3   3   5   1   5  0.16 0.16
  232 Q    -1   4   1   0  -5   3   2  -2   0  -4  -3   4  -2  -4  -2  -1  -2  -7  -3  -4    5  19   5   4   0  10  13   3   2   1   3  23   1   1   2   5   2   0   1   1  0.57 0.40
  233 S     2   0   1  -1   0  -1  -1   0   0   1  -1  -1   1   0  -2   0   0  -1  -1   0   23   4   7   3   2   2   3   6   2   7   7   3   3   5   1   6   5   1   1   7  0.09 0.13
  234 R    -1   3   0  -2   1   0  -2  -3   3  -1   0   0   1   2  -2  -1  -2   4   0  -1    6  19   6   2   3   3   2   2   7   4  10   4   3   8   2   4   1   6   2   5  0.25 0.22
  235 A     0   3   1   3  -6   0   0  -1   0  -3  -4   4  -2  -2  -3   0  -1  -6  -4  -4    9  14   6  13   0   3   5   4   2   1   2  26   1   2   1   6   3   0   1   1  0.50 0.36
  236 T     0   3   0   0  -2   1   2  -2  -2  -1  -1   3  -1  -1  -3  -1   0  -5  -2  -1    6  17   4   6   1   5  11   3   1   3   5  15   1   3   1   5   6   0   1   5  0.24 0.22
  237 I    -1  -1  -2  -3  -1  -1  -3  -5   1   3   2  -3   2   2  -5  -2  -2   0  -1   2    5   4   2   1   2   3   2   1   4  17  22   1   5   8   0   3   2   1   2  16  0.38 0.26
  238 L    -1   1   0   2  -3   0  -1  -3   3   0   0  -1   1   1  -4  -1   0  -1   0   0    5   7   5  15   0   4   2   2   9   5   9   3   5   7   0   5   5   1   3   7  0.17 0.17
  239 K     1   1   1   2  -4   1   2  -1  -1  -4  -4   3  -3  -4  -4   0   0  -5  -2  -2   11   8   7  12   0   6  12   4   1   1   1  18   0   1   1   7   5   0   1   3  0.37 0.30
  240 M    -2  -2  -2  -2  -2  -1   0  -4   1   2   1  -1   1   5  -6  -3  -1  -1   2   0    3   2   2   2   1   3   6   1   3  12  13   5   4  24   0   2   4   1   6   5  0.42 0.28
  241 I    -2  -3  -5  -6  -4  -4  -6  -4  -3   3   3  -6   3   4  -7  -3   1  -3   1   2    4   2   0   0   0   1   0   1   1  15  28   0   7  15   0   2   8   0   4  13  0.71 0.42
  242 E    -2   1   1   3  -4   3   3  -2  -1  -2  -4   2   0  -3  -5   0  -1  -1  -2  -3    2   8   7  17   0  11  16   4   1   2   1  10   3   1   0   8   4   1   2   2  0.41 0.33
  243 K    -1   2   2   2  -4   0   2   0   0  -3  -4   3  -2  -4  -2   0  -1  -4  -2  -3    4  10  10  10   0   4  12   8   2   1   1  19   1   1   2   7   4   0   1   2  0.36 0.29
  244 L    -2  -2  -3  -6   0  -3  -4  -6  -2   4   2  -3   2   3  -4  -2  -2   1   2   2    3   2   2   0   2   1   1   0   1  24  18   2   5  11   1   3   3   2   7  13  0.57 0.35
  245 M    -3  -4  -5  -8  -4  -5  -7  -7  -6   6   2  -5   2   0  -4  -6  -2  -5  -1   4    2   1   1   0   0   1   0   0   0  40  18   1   4   4   1   0   2   0   2  21  1.18 0.60
  246 E    -1   1   1   3  -4   2   3  -4  -1  -3  -2   2  -1  -5  -5  -1  -1  -3  -1  -4    5   8   7  17   0  10  18   1   1   1   4  11   2   0   0   5   4   0   3   1  0.44 0.34
  247 E    -1   0   0   1  -7   2   5  -3   0  -4  -5   3  -4  -6  -4  -3  -3  -7  -3  -5    6   5   5   8   0   8  38   2   2   1   1  16   0   0   1   2   1   0   1   1  0.85 0.55
  248 R    -1   5  -2  -6   0  -2  -3  -5   6   0  -3   2  -1  -1  -6  -2  -2  -2  -3   0    4  33   1   0   2   2   1   1  18   6   3  10   2   2   0   3   3   1   1   6  0.92 0.54
  249 I    -2   3  -3  -3  -4  -2  -1  -6  -1   3   2   2   1  -2  -5  -4  -3  -3   2   2    3  16   1   1   0   2   4   0   1  17  16  12   3   1   0   1   1   0   7  11  0.45 0.32
  250 R     1   2   0   1  -4   2   2  -4  -1  -2  -3   4  -2  -5  -4  -1  -1  -2  -3  -2   12  11   4   7   0  10  13   1   1   2   3  22   1   0   0   3   3   1   1   3  0.44 0.33
  251 N     0   1   2   2  -4   2   3  -2   0  -4  -3   1  -1  -3  -2   0   0  -3  -2  -3    8   9  10   9   0   8  17   2   2   1   2   9   2   1   2   7   6   0   1   2  0.30 0.25
  252 K    -2   4   0  -3  -3   0   0  -1   5  -2   1   1   2  -1  -2  -1  -1   2  -2  -2    3  19   4   1   1   4   5   6  13   2  12   8   4   2   2   3   3   3   1   2  0.34 0.26
  253 K     0   3   0   0  -3   2   2  -3  -1  -3  -1   3   0  -5  -1   0  -2  -5  -4  -3    7  16   4   5   1  10  14   2   1   2   6  17   2   0   3   6   2   0   0   2  0.38 0.29
  254 A     2   0   0   1  -4   1   3  -2  -2  -2  -2   2  -1  -3   0   1  -2  -4  -4  -2   15   4   3   7   0   7  20   4   1   2   5  12   1   1   5   9   2   0   1   2  0.28 0.25
  255 G     0  -1   1   0  -3   0   1   3   0  -4  -3   0  -3  -3  -2   2   1  -5  -3  -3    6   3   8   6   1   4   8  24   2   1   3   7   1   1   2  14   8   0   1   1  0.31 0.25
  256 T    -1   0   0   0  -1   0   1   0  -1  -1   0   0  -1   0   0   0   0  -2   0  -1    4   3   5   6   1   5   9   9   1   4  13   7   2   5   4   9   7   0   3   3  0.04 0.06
  257 D     0  -2   2   4  -3   0   2   0   0  -3  -4   1  -3  -5   0   0  -1  -5  -2  -2    6   2  10  23   1   4  14   6   2   2   1   7   1   0   5   6   4   0   2   3  0.39 0.28
  258 K     0   0   1   1  -4   1   0   0   0  -2  -2   2  -2  -2   3   0  -1  -3  -2  -1    6   5   5   7   0   6   6   7   3   2   3  15   1   2  12   8   3   0   1   4  0.19 0.17
  259 I     0   0   2   1  -2   0   1   0   0  -1  -2   0  -2  -2   1   1   0   0  -3  -1    6   5  10   9   1   4   9   7   2   5   4   7   1   1   7  11   7   1   0   4  0.12 0.12
  260 G    -1   0   3   2   1   1   1   0   1  -2  -3   0  -2  -3  -1   1   0  -5  -4  -1    5   4  13  13   4   6   8   8   4   3   3   6   1   1   2  10   5   0   0   4  0.21 0.19
  261 E    -1   2  -1   0  -2   0   1  -2   1   0  -1   0  -1   0   3  -1  -1   0   1  -1    3  12   2   5   1   4  10   3   3   6   7   6   2   5  13   4   3   1   4   5  0.13 0.13
  262 A    -1   3   1   1  -4   1   1  -2   0  -1  -2   2   0  -4   0   0   1  -2  -2   0    5  16   7   7   0   5   7   3   2   3   4  11   2   0   5   5   7   1   1   8  0.18 0.17
  263 D    -4  -6   0   8   2  -4  -3  -2  -2  -4  -5  -3  -8  -8  -6  -1  -3  -9  -4  -4    2   0   4  69   3   1   1   4   1   1   1   2   0   0   0   6   2   0   1   2  1.88 0.93
  264 L    -1  -4  -7  -6  -3  -6  -6  -7  -3   2   3  -5   4   6  -8  -6  -3  -2   0   1    6   1   0   0   0   0   0   0   1   9  25   1  11  31   0   0   2   1   3   8  1.10 0.58
  265 L    -5  -7  -7  -8  -5  -6  -7  -7  -6   4   5  -6   3   0  -8  -6  -1  -2  -4   2    1   0   0   0   0   0   0   0   0  22  49   0   6   3   0   0   4   1   1  11  1.29 0.66
  266 G    -2  -3  -1   6  -3   1  -1   0   1  -4   0  -4  -2  -5  -6   1  -2  -1  -1  -5    3   1   3  45   1   7   3   6   3   1   9   1   1   1   0   9   3   1   2   1  0.91 0.57
  267 F     0  -1  -1  -1   1  -1  -1  -3   2   1   1  -1   1   0  -4   0   0  -1   1   2    8   4   2   3   3   3   5   1   6   8  12   3   3   4   0   9   6   1   6  14  0.12 0.14
  268 I    -3  -5  -6  -6  -3  -4  -3  -7  -5   1   5  -4   5   3  -7  -5  -4  -6   0  -2    2   1   0   1   1   1   2   0   0   7  51   1  14  11   0   1   1   0   4   2  1.19 0.64
  269 L    -5  -4  -5  -4  -7   0  -3  -8  -5   4   5  -2   4  -2  -7  -6  -4  -7  -4  -1    1   1   1   1   0   4   3   0   0  19  52   3   8   2   0   0   1   0   1   4  1.17 0.63
  270 E    -2   0   2   3  -7   2   4  -3  -2  -4  -3   2  -3  -5  -4   0  -2  -7  -4  -3    4   5   9  16   0   7  24   2   1   1   3  14   1   0   1   7   2   0   1   2  0.57 0.41
  271 Q     1   0   1   0  -4   2   2   1   2  -2  -1   2  -2  -4  -3   1  -1  -4  -2  -3   10   4   5   4   0   8  14  10   5   2   6  11   1   0   1  12   3   0   1   2  0.23 0.23
  272 S     0   0   1  -1   0   2   0   1  -1  -3  -4   2  -1  -3  -3   2   0  -5   0  -4    6   5   7   3   2  11   7  11   1   1   1  14   2   1   1  16   6   0   4   1  0.28 0.27
  273 N    -3   0   2   2  -7   1   3   0   1  -6  -5   3  -4  -5  -1   0  -1  -7  -1  -4    2   5  11  13   0   7  18   6   3   0   1  15   0   0   4   8   4   0   3   1  0.46 0.36
  274 L    -4  -3  -4  -2  -6  -3  -2  -6  -4   2   4  -2   4   4  -2  -4  -4  -3   0  -1    1   2   1   3   0   1   3   1   0  10  42   2   8  14   2   1   1   0   3   4  0.78 0.46
  275 D    -4  -4   3   3  -7  -2  -1  -5  -1  -7  -5  -2  -7  -8   0   4   5  -8  -7  -6    1   1  11  14   0   2   4   1   1   0   1   2   0   0   5  28  29   0   0   0  1.04 0.69
  276 A    -2   1   0   5  -6  -2   2  -2   0  -1  -2   0   1  -2   0  -1   0   0  -3  -2    3   7   5  29   0   1  11   4   3   3   5   5   4   2   5   3   5   1   1   3  0.40 0.31
  277 E    -3  -1   1   4  -8   2   5  -4   0  -5  -4   1  -2  -5  -4  -2  -1  -8  -4  -3    2   3   6  23   0   7  30   1   2   1   2   9   1   0   1   3   4   0   0   2  0.78 0.52
  278 Q    -2  -3   3   3  -3   2   4  -2   3  -2  -3  -1  -3  -1  -3  -1  -1  -6  -2  -2    3   1  14  14   1   8  27   2   7   2   2   3   0   3   1   5   3   0   2   3  0.51 0.37
  279 F    -4  -7  -6  -6  -5  -7  -7  -6  -3   6   3  -6   1  -1  -7  -6  -3  -7  -4   2    1   0   0   0   0   0   0   0   1  50  26   0   3   2   0   0   1   0   0  14  1.41 0.65
  280 G     0   2  -2  -3  -1  -1  -3  -2  -1   1   0   4   1  -3  -3  -1  -1  -5  -1   1   10  10   1   1   1   2   1   2   1  10   9  25   3   0   1   5   4   0   2  12  0.27 0.25
  281 D     3  -3   0   3  -1  -2   0   1   1  -2  -3  -3   1  -1  -4   0  -2  -1   0  -2   26   1   4  18   1   1   6  12   4   3   2   0   3   3   0   7   1   1   3   2  0.34 0.29
  282 L    -2  -3   2  -3  -2   3   1  -4   0   2   1  -2   2   0  -4  -1   1  -5  -3   1    2   0   9   1   1  12  11   0   2  14  15   1   5   3   0   4  11   0   1   8  0.29 0.27
  283 L     1  -6  -6  -6   5  -5  -5  -4  -5   4   2  -5   2  -1  -5  -1   0  -5  -4   3   10   0   0   0  11   0   0   1   0  19  19   0   5   3   0   5   5   0   0  23  0.69 0.40
  284 L    -1  -3  -1  -1  -2  -2  -2  -1  -3   2   2  -1   2   2  -3  -1   0   2  -2   1    4   0   4   4   1   1   2   5   0  14  23   4   6   9   1   5   6   3   1   7  0.18 0.17
  285 G    -1  -5   2   5  -5  -3   2  -1  -3  -1  -2  -4  -2  -4  -5   0   3  -6  -4  -1    5   0   9  32   0   0  14   5   0   3   3   0   1   1   0   6  16   0   0   5  0.64 0.43
  286 L    -3  -6  -7  -7  -5  -6  -7  -7  -4   3   4  -6   5   5  -6  -5  -3  -5  -2   0    2   0   0   0   0   0   0   0   0  15  34   0  15  24   0   1   1   0   1   7  1.19 0.58
  287 L    -4  -6  -3  -7  -4  -4  -6  -7  -4   2   3  -6   4   6  -7  -5  -3  -3   2  -1    1   0   2   0   0   1   0   0   0  13  30   0  11  31   0   0   1   0   6   4  1.14 0.56
  288 F     0  -4  -2  -4  -4  -3  -2   0  -2   2   1  -4   2   5  -5  -1  -1  -1  -1   1    7   0   2   1   0   1   3   9   1  12  15   0   5  24   0   5   4   1   1  10  0.40 0.28
  289 G     6  -4  -6  -4  -3  -5   0   3  -6  -6  -5  -5  -6  -7  -3  -3  -4  -7  -7  -4   67   1   0   1   0   0   6  20   0   0   1   0   0   0   2   1   1   0   0   1  1.53 0.79
  290 G     1  -7  -5  -5  -7  -7  -7   7  -7  -8  -8  -6  -4  -8  -7  -1  -3  -7  -8  -8   10   0   0   0   0   0   0  83   0   0   0   0   0   0   0   5   1   0   0   0  2.24 0.95
  291 H    -2  -1  -3  -4  -5   2  -3  -3   5   0  -3  -3   1   2  -4   1   4  -4   2   1    3   3   0   0   0   8   1   1  15   6   1   1   3   8   0  10  23   0   7  10  0.53 0.40
  292 E    -4  -6  -2   7  -8  -3   5  -4   2  -6  -6  -4  -5  -6  -6  -4  -4  -8  -7  -4    1   0   1  50   0   1  36   2   4   0   1   0   0   0   0   1   1   0   0   1  1.73 0.82
  293 T    -1  -6  -1  -6  -6  -5  -6  -6  -7  -4  -6  -6  -6  -7  -4   1   8  -8  -7  -5    4   0   3   0   0   0   0   0   0   1   0   0   0   0   1   9  81   0   0   0  2.23 1.04
  294 S    -3  -6  -2  -5  -4  -4  -5  -4  -6  -1  -4  -5  -2  -4  -2   4   6  -7  -6   1    2   0   2   0   0   0   0   1   0   3   2   0   1   1   2  25  52   0   0   8  1.31 0.73
  295 A     4  -5  -2  -5  -5  -5  -4  -1  -4  -4  -3  -3  -4  -4  -3   5   1  -4  -2  -2   31   0   1   0   0   0   0   4   0   1   2   1   0   1   1  43   8   0   2   2  0.99 0.62
  296 T     1  -4   2  -3  -4  -3  -4  -2  -2   0  -2  -3   0  -2  -4   3   4   0  -4   0   11   0  10   1   0   1   0   3   1   5   4   0   2   1   1  25  25   1   0   8  0.52 0.41
  297 A     2  -5  -4  -5  -3  -3  -4  -1  -3  -1   0  -5  -2  -4  -2   1   5  -4  -5   0   19   0   0   0   1   1   0   4   0   3  10   0   1   1   2   8  42   0   0   7  0.80 0.52
  298 I    -1  -6  -5  -7  -1  -4  -5  -6  -6   4   4  -6   4  -2  -6  -1   0  -6  -5   1    4   0   0   0   1   0   0   0   0  19  43   0  10   1   0   5   6   0   0   8  0.92 0.50
  299 T     0   0  -1  -1  -1   0   3  -2  -1  -1  -1  -2   0  -3  -4   3   2  -5  -3  -1    8   6   3   2   1   3  19   3   1   4   6   1   3   1   0  20  15   0   1   4  0.29 0.29
  300 L    -5  -8  -5  -9  -4  -6  -8  -6  -1  -6  -2  -8   1   4  -9  -2  -4  12   2  -5    1   0   1   0   0   0   0   1   2   0   5   0   3  15   0   3   2  59   7   1  2.91 1.14
  301 V     4  -5  -4  -5   2  -4  -4   0  -2   2   0  -4   1   1  -5   0   2  -3  -4   0   34   0   0   0   3   0   0   7   1  11   7   0   3   7   0   5  14   0   0   7  0.51 0.38
  302 I    -4  -6  -6  -7  -2  -6  -7  -5  -6   3   4  -6   6   2  -7  -5  -1  -3  -4   2    1   0   0   0   1   0   0   1   0  13  37   0  20   9   0   0   4   0   0  13  1.07 0.55
  303 Y     2  -4  -3  -4  -2  -1  -3  -3  -1  -1   2   0   2   1  -5   0   1   0   4   0   15   0   1   0   1   3   1   1   1   3  18   6   6   5   0   6   7   1  18   5  0.35 0.30
  304 F     0  -2  -1  -4  -2  -1   4  -5   0  -2   2  -4   0   2  -5  -3  -4  -3   3  -3   10   2   3   0   1   2  30   0   2   2  22   0   2  10   0   1   0   0  12   1  0.61 0.44
  305 L    -5  -7  -8  -9  -3  -7  -8  -9  -8  -1   6  -7   6  -3  -8  -6  -5  -7  -6  -2    1   0   0   0   0   0   0   0   0   3  76   0  16   1   0   0   0   0   0   2  1.99 0.88
  306 Y     3  -5  -4  -4  -1  -3  -3  -1  -2   2   2  -4   3  -3  -4   1   0  -5  -3   1   27   0   0   1   1   1   1   5   1  12  17   0   8   0   0   9   5   0   0  10  0.44 0.34
  307 D    -2   4   3  -1   0   0   0  -4   1  -3   0   3   0  -5  -5  -1   0  -6  -4  -4    3  20  12   3   2   4   6   1   4   1  11  20   2   0   0   4   6   0   0   1  0.46 0.34
  308 C    -5  -1   6  -2   1  -1  -3  -6   8  -7  -5  -2  -6  -1  -7  -2  -5  -3   4  -7    0   3  32   2   3   3   2   0  33   0   1   2   0   3   0   2   0   0  13   0  1.63 0.78
  309 P    -5  -3  -7  -6  -9   0  -4  -8  -3  -8  -4  -3  -6  -9   9  -4  -4  -9  -8  -6    1   1   0   0   0   4   1   0   1   0   2   2   0   0  85   1   1   0   0   1  2.78 1.18
  310 K    -2   1   0   4  -5   0   5  -4   3  -5  -4   1  -4  -7  -4  -1  -2  -4  -5  -5    4   6   4  21   0   4  37   1   6   1   1   8   0   0   0   3   2   0   0   1  0.87 0.52
  311 A     1  -5  -5  -5   1  -5  -4  -6   0   4  -1  -1  -1  -3  -6  -4  -2   3   0   5   11   0   0   0   3   0   1   0   2  22   5   4   1   0   0   1   2   4   3  41  0.88 0.49
  312 V    -3  -3  -6  -6  -5   7  -2  -6  -4  -2   2  -3   5  -1  -6  -5  -2  -2   0  -2    2   1   0   0   0  47   2   0   0   2  20   1  13   2   0   0   2   1   3   3  1.33 0.75
  313 D     2   2   0   1  -5   2   4  -4  -1  -6  -5   3  -4  -5  -5  -1  -2  -5  -5  -4   15   9   3   8   0  10  24   0   1   0   1  21   0   0   0   3   2   0   0   1  0.66 0.44
  314 H    -1   4  -3  -4  -5   0   0  -5  -3  -4  -5   6  -1  -7  -6  -4  -3  -4  -5  -5    4  24   1   1   0   3   5   1   1   1   1  54   2   0   0   0   1   0   0   1  1.45 0.74
  315 L     3  -6  -6  -7   2  -6  -6  -5  -6   1   4  -6  -1  -4  -6  -5  -4  -6  -5   4   25   0   0   0   5   0   0   0   0   7  34   0   1   0   0   0   1   0   0  28  1.00 0.55
  316 R    -4   5  -5  -5  -5   6  -3  -6   3  -3  -3   0  -3   0  -6  -4  -3  -4   4  -3    1  26   0   0   0  35   1   0   6   1   3   6   1   4   0   0   1   0  12   2  1.16 0.65
  317 E     2  -1   0   1  -6   3   5  -4  -2  -6  -5   1  -4  -6  -5  -2  -2  -6  -5  -5   15   3   4   7   0  12  42   1   1   0   1   8   0   0   0   2   2   0   0   1  0.92 0.55
  318 E    -5  -5  -6  -2  -8  -2   8  -7  -5  -8  -8  -4  -7  -8  -6  -5  -5  -8  -7  -7    1   0   0   2   0   1  94   0   0   0   0   0   0   0   0   1   1   0   0   0  2.77 1.18
  319 H    -3  -5  -3  -6  -4   2  -5  -6   1   6   2  -5   0  -4  -6  -3  -4  -6  -5   3    1   0   2   0   0   9   0   0   4  39  21   0   2   0   0   2   0   0   0  20  1.04 0.53
  320 L    -2   3  -1   5  -3   0   0  -4  -3  -1   0   0   0  -2  -4  -3  -2  -2  -3  -2    3  15   2  36   1   4   6   1   1   4   9   7   3   2   0   1   2   1   1   3  0.60 0.38
  321 G     1   3   0   0  -3   2   3  -1  -1  -4  -3   0  -2  -5  -3   1   1  -5  -3  -3   13  15   5   5   1   9  17   5   1   1   2   4   1   0   1  11   8   0   0   1  0.34 0.27
  322 I     1  -4  -1  -5  -2  -1  -2  -5  -1   3   0  -2  -1  -1  -5  -3  -1  -5  -3   5   10   1   3   0   1   3   3   0   2  15   7   3   1   2   0   2   3   0   1  44  0.70 0.40
  323 V    -1  -2  -3  -3   2  -3  -3  -3  -3   3   2  -2   1   2  -3  -3  -2  -1  -2   3    6   2   1   1   5   1   2   2   0  17  20   2   3  10   1   2   2   1   1  23  0.41 0.24
  324 R     0   1   0  -1  -2   0   0   3  -1  -1  -2   1  -2  -2   1   0  -1  -2  -2  -2    6   8   3   3   1   4   6  26   1   4   5  12   1   2   6   5   3   1   1   3  0.20 0.10
  325 A     0   0   1   1  -1   0   0   1   0  -1  -1   0  -1  -1   0   1   0  -2  -1  -1    8   6   9   9   1   4   6  11   2   3   6   5   2   2   5  11   5   1   2   4  0.07 0.04
  326 K     0   2   1   1  -2   0   0  -1   2  -1  -1   3  -1  -1  -1   0  -1  -1  -1  -1    6  10   7   8   1   3   5   5   5   3   6  20   2   2   3   5   4   1   2   3  0.14 0.08
  327 K     0   1   0   0  -1   0   1   0   0  -1  -1   1   0  -1   0   0   0  -1   0  -1    8   6   5   6   1   4   8   8   2   4   6  13   2   3   4   8   4   1   3   5  0.05 0.02
  328 A     0   0   0   0  -1   0   1   1  -1  -1  -1   0   0  -1   2   0   0  -1  -1  -1    9   4   5   6   1   4   9  11   2   5   6   5   2   2  10   7   5   1   2   5  0.07 0.03
  329 R     0   0   0   0   0   0   1   0   0  -1  -1   1   0  -1   1   0   0  -1   0   0    6   7   6   5   2   4   8   6   2   4   7   9   2   3   6   6   6   1   2   6  0.04 0.01
  330 G     0  -2   1   0  -2  -2   0   5  -1  -3  -2   0  -2  -3  -1  -1  -1  -2  -2  -2    6   2   6   6   1   2   5  43   1   2   4   5   1   1   4   5   3   1   1   3  0.52 0.22
  331 E    -1   2   0   2   0   1   2  -1   0  -2  -1   1  -2  -1   1   0  -1  -1  -2  -2    3  13   3  11   2   7  14   5   2   2   5   9   1   3   8   6   3   1   1   2  0.18 0.11
  332 P    -1  -1   2   2  -1   0   1   1   1  -1  -1   0  -1  -2   0   0  -1  -2  -2  -1    5   3  10  14   2   4   9  11   4   3   6   5   1   2   5   7   4   1   1   5  0.11 0.08
  333 P     0   4  -1   0  -2   0   1   0   0  -2  -2   1  -2  -2   1  -1  -1  -2  -2  -2    6  29   3   5   1   4   8   7   2   3   4   6   1   2   7   4   4   1   1   3  0.29 0.18
  334 A     0   0   0  -1  -1   1   1  -1   0   0   0   0   0  -1   1   0   0  -1  -1  -1    6   6   4   3   1   6   9   4   2   4  14   5   3   2   9   9   7   1   2   4  0.05 0.05
  335 L    -2  -4  -4  -3  -4  -4  -4  -5  -5   4   2  -4  -1  -1   4  -3  -3  -3  -3   3    3   1   0   2   0   0   1   1   0  19  20   1   1   3  24   1   1   0   1  20  0.76 0.40
  336 T    -2   0   1   2   1   1   1  -3  -2  -3  -2   0  -2  -4  -3   1   4  -4  -3  -3    3   4   5  11   4   6   9   1   1   1   3   5   1   1   1  12  32   0   1   1  0.48 0.34
  337 W    -2  -3  -4  -1  -3  -2   3  -4   0  -1   1  -3   3   3  -3  -2  -3   6   3  -1    4   1   1   3   1   1  21   1   3   4  13   1   8  10   1   2   1  11  12   4  0.56 0.35
  338 D     0  -2   0   4  -3   0   4  -2  -1  -5  -4   1  -4  -4  -2   2   0  -5  -4  -4    7   2   4  19   1   4  24   3   1   0   1   8   0   1   2  17   4   0   1   1  0.52 0.34
  339 D    -2  -4  -1   7  -4   1   0  -3   1  -4  -4  -2  -2  -5  -5  -2  -1  -6  -3  -4    4   1   3  61   0   6   4   2   3   1   2   2   1   0   0   3   3   0   1   1  1.34 0.65
  340 Y    -2   2  -5  -5  -3  -1  -4  -5  -3   3   3  -1   2   1  -4  -4  -2  -3   1   1    2  14   0   0   0   2   1   0   1  15  34   3   5   5   0   0   3   0   5   9  0.55 0.34
  341 K     1   0   1   1  -3   2   1  -2  -1  -3  -3   2   1  -4   2   1  -1  -5  -3  -2   10   5   7   6   1  10   9   3   1   1   2  13   4   0  11  11   4   0   1   2  0.26 0.23
  342 Q    -2   2   3   1  -5   3   1  -3   2  -5  -4   4  -2  -5  -4   1  -3  -5  -4  -5    3   9  12   6   0  13  10   2   5   0   1  28   1   0   0   9   1   0   0   0  0.64 0.42
  343 M    -5  -7  -7  -8   1  -6  -7  -8  -5  -2   5  -7   8  -3  -7  -6  -2  -6  -4  -2    0   0   0   0   2   0   0   0   0   2  54   0  34   1   0   0   3   0   0   2  1.86 0.84
  344 E    -3  -1  -1  -3  -7  -2   0  -6   0  -5  -5   3  -6  -6   7  -2   0  -7  -6  -1    2   3   3   2   0   2   7   0   2   0   1  16   0   0  49   3   5   0   0   5  1.29 0.67
  345 F    -7  -6  -6  -8  -6  -6  -7  -8  -2  -3   0  -6  -3   3  -8  -5  -4  -2   9  -3    0   0   0   0   0   0   0   0   1   1   9   0   1  10   0   1   1   0  72   2  2.53 1.06
  346 S    -5  -6  -5  -7  -4  -6  -6  -7  -3   1   5  -6   2  -2  -6  -3   3  -6  -4   1    0   0   0   0   0   0   0   0   1   6  54   0   5   2   0   2  20   0   0   8  1.14 0.61
  347 Q    -3   2   2   3  -4   3   2  -3   1  -4  -5   2  -2  -6  -4  -1   0   2  -3  -4    1   9   9  17   0  15  12   2   3   1   1  14   1   0   1   3   7   3   1   1  0.52 0.37
  348 C     5  -1   0  -6   4   1  -5  -3  -1  -5  -1  -3   5  -6  -6  -1  -4  -4  -4  -4   49   3   5   0   9   6   0   2   1   0   5   1  13   0   0   4   0   0   1   0  1.00 0.60
  349 V    -2  -7  -7  -8   5  -7  -7  -7  -5   3  -2  -7   0   1  -7  -4   0  -7  -5   6    3   0   0   0  10   0   0   0   0  13   2   0   2   6   0   1   5   0   0  58  1.47 0.70
  350 V    -2  -7  -7  -6  -1  -7  -7  -8  -7   7   1  -7   1  -1  -7  -6  -4  -7  -5   4    4   0   0   0   1   0   0   0   0  51  14   0   4   2   0   0   1   0   0  23  1.45 0.66
  351 S    -3   1   2  -2   0   1  -3  -6   4  -6  -2   6  -1  -3  -5  -2  -3  -5  -1  -5    1   7  10   2   2   6   1   0   9   0   5  48   2   1   0   3   1   0   2   1  1.01 0.58
  352 E    -7  -6  -6  -3 -10  -4   8  -8  -6  -9  -9  -5  -8  -9  -7  -6  -7  -9  -8  -9    0   0   0   1   0   0  99   0   0   0   0   0   0   0   0   0   0   0   0   0  3.12 1.32
  353 T     1  -6  -4  -6  -1  -5  -6  -3  -6   1  -3  -5  -3  -6  -6   1   6  -7  -6   3   10   0   0   0   1   0   0   2   0   7   2   0   0   0   0  11  47   0   0  19  1.13 0.66
  354 L    -6  -4  -6  -7  -5   2  -5  -7  -2  -2   5  -5   4   2  -7  -4  -4  -2  -1  -3    0   1   0   0   0  11   0   0   1   1  61   0  10   9   0   1   1   1   2   1  1.33 0.67
  355 R    -8   9  -7  -8 -10  -5  -6  -9  -4  -9  -6  -4  -7  -9  -8  -7  -7  -9  -8  -9    0  99   0   0   0   0   0   0   0   0   1   0   0   0   0   0   0   0   0   0  3.38 1.33
  356 L    -4  -3  -6  -7  -3  -5  -6  -7   1   1   5  -1   4   2  -7  -6  -5   4   1  -1    1   2   0   0   1   0   0   0   3   6  54   5   8   6   0   0   0   6   5   3  1.09 0.56
  357 G    -1   2  -2  -5  -4  -4  -4  -1   7   0  -4  -3  -2   1  -4  -1  -3  -1   6  -3    5  12   2   0   0   0   0   4  27   6   1   1   1   6   1   4   1   1  24   2  1.07 0.57
  358 N    -2  -7   1   0  -6  -5  -5  -5  -3  -6  -7  -6   0  -6   8   0   0  -8  -6  -6    3   0   6   6   0   0   0   1   1   0   0   0   2   0  66   8   6   0   0   0  1.94 0.91
  359 I     0  -6  -4  -6  -4  -4  -5  -4  -5   3   0  -5  -2   0   6   0  -2  -7  -5   3    9   0   1   0   0   0   0   1   0  14   7   0   1   4  35   8   2   0   0  18  0.92 0.53
  360 I     3  -5  -5  -5  -4  -4  -4   1  -6   2   1  -5  -2  -2  -2   0   1  -6  -5   4   21   0   0   0   0   0   0   9   0  10  12   0   0   1   2   6   7   0   0  30  0.57 0.39
  361 K    -2  -4  -3  -4  -7  -3  -5  -3   1  -1  -2  -4  -3  -1   7  -1  -2  -1  -3  -2    4   1   2   1   0   1   0   2   3   4   4   1   1   3  61   5   3   1   1   3  1.55 0.76
  362 F    -2  -2  -3  -5  -5  -3  -4   1  -2   0   4  -4   3   3  -5  -1  -1  -1  -1  -1    3   2   1   0   0   1   1  11   1   5  37   0   7  15   0   5   5   1   1   4  0.50 0.34
  363 V    -2  -6  -1  -5  -5  -5  -6  -3  -4   4   4  -6   1   0  -4  -3   0  -6  -4   3    3   0   4   1   0   0   0   2   0  19  35   0   2   3   1   2   5   0   0  23  0.77 0.43
  364 H    -1  -4  -3  -2  -6  -2  -1  -2   0  -2  -1  -4   1   2   6   0  -1  -4  -2  -3    5   1   1   2   0   2   4   4   2   2   6   0   4   9  45   6   4   0   1   1  0.97 0.54
  365 R    -7   8  -6  -7  -6  -4  -6  -7   8  -9  -7  -2  -7  -7  -3  -6  -7  -8  -3  -7    0  65   0   0   0   0   0   0  29   0   0   1   0   0   2   0   0   0   1   0  2.60 1.09
  366 K     0   1  -3  -3   1   0   3  -4  -1   0  -1   2   2  -2  -4  -1   0  -4   0   1    6   9   1   1   3   4  20   0   1   4   5  15   6   1   0   4   5   0   4  10  0.27 0.26
  367 A     4  -5  -2  -6   5  -4  -5  -5  -6  -2   0  -5  -4  -3  -2   1   3  -6  -4   2   30   0   2   0  12   0   0   0   0   2   8   0   0   1   2   9  19   0   0  15  0.76 0.49
  368 K    -1   0   0  -2  -2  -1  -1  -3   0   1   0   1   2  -3  -3   1   3  -5  -3   0    4   6   4   2   1   2   3   2   3   8   9   9   6   0   1  11  22   0   0   6  0.22 0.23
  369 T    -1   2   1  -1   0   2   4  -4   1  -4  -5   3  -4  -5  -3   0   0  -3  -4  -3    5  11   6   3   2  10  24   0   3   1   0  18   0   0   1   8   6   0   0   1  0.56 0.39
  370 D    -3  -4  -1   7  -8  -4   1  -5   0  -6  -7  -4  -8  -8   2  -2  -1  -9  -7  -8    2   1   2  66   0   0   9   0   2   0   0   1   0   0   9   2   4   0   0   0  1.77 0.83
  371 V    -2  -5  -4   0   5  -3  -3  -5  -5   2  -1  -5   1   2  -5  -2   3  -5   1   3    3   0   0   6  11   1   1   0   0  13   6   0   3   8   0   3  21   0   4  20  0.58 0.38
  372 Q    -2  -1   0  -2  -4   1   3  -4   0  -1  -3   3  -1  -3  -1   0   2  -1  -2   2    1   3   4   1   0   5  22   0   3   4   1  16   2   1   3   7  12   1   1  13  0.36 0.31
  373 F    -5  -6  -7  -7  -3  -6  -7  -7  -3   4   3  -5  -1   3  -5  -6  -5  -1   2   3    0   0   0   0   1   0   0   0   1  24  30   1   1  12   0   0   0   1   8  21  1.04 0.52
  374 K    -1   1   4   2  -3   1  -1   3  -2  -5  -3   1   0  -5   1  -1  -3  -6  -3  -5    6   8  17  12   1   7   2  22   1   0   3   8   3   0   6   3   1   0   1   0  0.45 0.33
  375 G    -5  -4   2   1  -8  -6  -1   7  -3  -9  -9  -3  -8  -5  -6  -3  -6  -8  -8  -8    0   1   8   8   0   0   4  74   1   0   0   1   0   0   0   2   0   0   0   0  1.89 0.84
  376 Y    -6  -1  -5  -7  -4  -4  -7  -6   0  -2  -2  -2   0   4  -8  -6  -2   0   9  -1    0   3   1   0   0   1   0   1   2   2   4   3   2  13   0   0   3   1  59   4  1.90 0.85
  377 D    -2   0  -1   2  -3  -1  -1  -4   3   0   1  -1   0   2  -3  -1   2  -4   1   1    1   5   2  13   0   2   3   1   8   4  12   4   2  11   1   4  14   0   5   9  0.21 0.21
  378 I    -5  -8  -8  -8  -6  -8  -8  -7  -8   8   1  -8  -2  -1  -8  -7  -6  -7  -5   3    0   0   0   0   0   0   0   0   0  69  11   0   1   2   0   0   0   0   0  17  2.03 0.84
  379 P    -2  -2  -4  -3  -5  -5  -2  -7  -5  -8  -7  -1  -8  -8   8  -4  -4  -9  -6  -5    3   2   1   2   0   1   3   0   0   0   1   4   0   0  80   1   1   0   0   1  2.53 1.10
  380 K     3   0  -3  -5  -2  -2  -1  -4  -3  -6  -7   7  -5  -8   0  -2  -3  -8  -6  -3   20   4   1   0   1   1   4   1   1   0   0  58   0   0   4   2   1   0   0   2  1.36 0.72
  381 G    -4  -4   1   1  -5  -4  -1   7  -5  -8  -8   1  -7  -7  -7  -4  -6  -8  -6  -8    0   1   6   8   0   1   4  72   0   0   0   8   0   0   0   1   0   0   0   0  1.79 0.81
  382 W    -1  -3  -4  -2   0  -2  -4  -5   0  -3  -5  -5   0  -6  -5   1   6   6  -4  -1    5   1   1   3   2   2   0   0   3   2   1   0   2   0   0  12  53   9   1   3  1.23 0.69
  383 S    -2   1   0  -1   1   2   0  -2   0   0  -1   1   2  -2  -1  -1   2   0  -2   0    2  10   4   3   4  12   4   2   3   7   6   9   5   1   3   3  13   1   1   7  0.14 0.17
  384 V    -3  -7  -8  -8  -1  -7  -7  -8  -8   5   2  -7  -1  -2  -7  -6  -4  -7  -6   6    2   0   0   0   1   0   0   0   0  26  17   0   1   1   0   0   0   0   0  51  1.51 0.69
  385 I    -2  -4  -2  -5  -2  -1  -4  -5  -1   4   2  -4   4   4  -5  -2  -2   1   1   1    3   1   2   0   1   4   1   0   2  20  20   1  10  15   0   3   2   2   5   8  0.54 0.32
  386 P    -1  -5  -6  -6  -3  -2  -5  -5  -4   4   1  -5   1  -1   2  -3   0   1   0   4    5   0   0   0   0   2   0   1   0  24  11   0   3   2  12   1   6   2   4  26  0.66 0.39
  387 V    -2  -5   6  -2   0  -3  -5  -3  -1  -3  -2  -4  -1  -2   2   3  -2  -1  -1  -3    3   0  42   2   2   1   0   2   1   2   5   0   1   2   9  20   2   1   2   2  0.97 0.57
  388 F     1  -2  -3  -5  -2  -1  -4  -4  -2   3   2  -4   0   0   1  -2   1  -4  -2   2   12   2   1   0   1   4   0   0   1  19  19   0   2   4   8   2   9   0   1  15  0.37 0.27
  389 A    -3   0  -3  -4  -2  -2  -6  -1   1  -2  -2  -5  -1   1  -3  -1  -1   9   5  -4    2   5   2   1   1   2   0   5   3   2   4   0   1   6   1   6   4  31  21   1  1.36 0.64
  390 A     4  -4  -2  -2  -2   0  -2   2  -1  -4  -3  -1  -1  -3  -2   3  -1   0  -2  -1   33   0   2   2   1   3   2  14   2   1   2   3   2   1   1  20   3   1   1   5  0.47 0.35
  391 A    -1  -5  -4  -6   0  -5  -6  -5  -6   5   3  -6   4  -2  -6  -3   1  -6  -4   3    5   0   1   0   2   0   0   1   0  28  23   0  10   1   0   1  10   0   0  17  0.86 0.45
  392 H    -1  -5   2  -6  -3   1  -5   3   9  -5   0  -5   0  -5  -6  -1  -4  -7  -3  -5    6   0   8   0   1   6   0  18  43   0  10   0   2   0   0   4   1   0   0   1  1.43 0.68
  393 L    -5   6   0  -3  -7  -2  -4  -5   6  -4  -1   0   2  -3  -5  -4  -2  -6   1  -4    1  42   4   1   0   2   1   1  21   1   7   4   5   1   0   1   2   0   5   1  1.26 0.63
  394 D    -6  -4   4   7  -4  -4  -2  -6  -3  -6  -4  -4  -2  -8  -7   0  -4  -9  -8  -6    0   1  18  65   1   1   2   0   1   0   2   1   1   0   0   6   1   0   0   1  1.92 0.85
  395 P    -1  -4  -3   0  -3  -1   2  -5  -4  -6  -7   0  -7  -8   7  -1  -2  -8  -5  -6    6   1   1   5   1   3  15   1   0   0   0   5   0   0  55   5   2   0   0   0  1.55 0.75
  396 S     1   0   1   2  -4   1   3  -3  -1  -4  -3   4  -3  -4  -4   1   0  -6  -4  -3   10   4   6  11   0   5  18   1   1   1   2  23   1   0   0   9   7   0   0   1  0.45 0.33
  397 V    -2  -2  -2  -3  -2  -1   0  -5   2   2   1  -3  -2   2  -5  -2  -1  -1   4   3    2   2   2   1   1   2   7   0   5  13  13   1   0   8   0   3   4   1  18  19  0.44 0.30
  398 Y    -8  -9  -9 -10  -5  -8  -9  -8  -1  -6  -7  -9  -7   6  -7  -6  -8  11   5  -5    0   0   0   0   0   0   0   0   2   0   0   0   0  29   0   1   0  52  15   1  3.26 1.21
  399 E    -2  -3  -1   2  -6  -1   3  -3  -2  -5  -5   2  -5  -6   6   0   0  -7  -6  -4    4   1   3  10   0   2  17   2   1   0   1  12   0   0  34   7   5   0   0   1  0.89 0.51
  400 N    -5   0   5   6  -4   0   3  -6  -2  -8  -7   0  -5  -8  -6  -1  -3  -8  -5  -7    0   4  22  41   0   3  15   0   1   0   0   6   0   0   0   4   1   0   0   0  1.32 0.66
  401 P     2  -5  -6  -7  -4  -7  -6  -7  -6  -8  -8  -5  -8  -9   8  -3  -5  -9  -7  -4   17   1   0   0   0   0   0   0   0   0   0   1   0   0  77   2   0   0   0   2  2.62 1.11
  402 Q    -3  -1   1   3  -2   0   5  -3   1  -5   0   0  -1  -1  -5  -1  -1  -6   0  -5    1   2   7  16   1   3  34   1   3   0  11   5   2   3   0   4   3   0   3   0  0.59 0.40
  403 K    -1   1  -2   0  -3   1   4  -4   0  -3  -4   3  -1  -5  -5   0   1  -6  -5   0    5   8   1   5   1   6  30   1   2   1   1  16   1   0   0   7   8   0   0   7  0.54 0.38
  404 F    -8  -9  -9 -10  -9  -9  -9  -9  -7  -5  -5  -9  -4  10 -10  -9  -8   2   2  -7    0   0   0   0   0   0   0   0   0   0   1   0   0  91   0   0   0   2   6   0  3.44 1.24
  405 D    -4   3   4   4  -3   0  -1  -5   0  -1  -3   3   1  -5  -5  -3  -3   0  -2  -4    0  15  21  22   1   3   3   0   2   5   3  16   3   0   0   1   1   1   2   1  0.74 0.45
  406 P    -7  -9  -9  -8  -9  -8  -8  -9  -9  -7  -9  -8  -9 -10   9  -7  -8 -10  -4  -9    0   0   0   0   0   0   0   0   0   0   0   0   0   0  99   0   0   0   1   0  3.69 1.43
  407 W    -3  -4  -3   3  -4  -1   6  -2   0  -7  -5  -3  -4  -4  -6   0  -3   3  -4  -7    2   0   1  15   0   3  56   3   3   0   1   1   0   1   0   7   2   4   1   0  1.32 0.69
  408 R    -7   9  -2  -8  -9  -4  -6  -8   4  -9  -8  -4  -7  -9  -8  -7  -7  -9  -7  -9    0  89   2   0   0   0   0   0   9   0   0   0   0   0   0   0   0   0   0   0  3.06 1.21
  409 W    -8  -8  -9  -9  -8  -8  -9  -9   2  -6  -5  -9  -3   9  -9  -8  -8   8   2  -7    0   0   0   0   0   0   0   0   4   0   0   0   1  69   0   0   0  21   5   0  3.04 1.13
  410 Q    -1  -3  -2   0  -5  -1   2  -4  -5   1   4  -3   2  -1  -4   0  -2  -4  -3  -2    4   1   2   6   0   2  13   1   0   6  46   2   4   2   1   7   2   0   0   2  0.56 0.37
  411 T    -2  -1   3   4  -4   0   2   1  -2  -4  -5   0  -4  -4   1   0   0  -4  -5  -3    3   3  12  24   0   3  15   9   1   1   1   6   0   1   8   6   5   0   0   2  0.49 0.32
  412 I     1   0   1   1  -1  -1   3   0  -1  -1  -3   1  -1  -3   1   1  -1  -5  -3  -2   10   4   7   7   1   2  22   6   1   3   2   8   1   1   7  11   3   0   1   3  0.23 0.20
  413 S    -1   0   4   2  -3   1   1   0   0  -4  -4   0  -4  -5   2   2  -1  -4  -3  -3    4   6  19  12   1   5  10   7   2   0   1   5   0   0   9  14   3   0   1   2  0.41 0.30
  414 T     0  -1   0  -1  -2   0   0   3  -3   0  -2   1  -1  -2   1   0  -1  -3  -3   0    6   3   4   3   1   3   7  25   0   7   3  10   2   2   7   5   3   0   0   7  0.20 0.17
  415 G     2  -1   2   4  -2   0   1   0   0  -3  -3   1  -3  -4  -3   1  -1  -5  -3  -3   16   3  10  21   1   4   8   8   2   2   2   8   0   1   1   9   2   0   1   2  0.33 0.25
  416 T     0  -1   0   0  -2   0   0  -1   0  -1  -1   1  -1   3   0   0   0  -1   1   0    7   2   6   4   1   5   7   5   2   2   6   9   1  14   4   7   8   1   6   6  0.08 0.10
  417 A    -1   2  -1  -1  -2   0  -1   1   0   0  -1   3   0  -2  -1   0   0  -2  -2   0    5  13   2   3   1   4   3  10   2   7   5  20   2   1   3   7   5   0   1   7  0.15 0.15
  418 R    -2   0   2   0  -5   1   0   1   4  -5  -3   3  -3  -3   1   0  -2  -5  -1  -3    3   5  10   4   0   7   4  13  12   0   3  18   0   1   7   8   2   0   2   2  0.35 0.26
  419 I     0   1   2   0  -4   1  -2  -2   3  -2  -3   0  -1  -3   4   2   0  -5  -3  -2    6   8   8   6   0   5   2   3   6   2   2   5   1   1  20  15   5   0   1   3  0.35 0.26
  420 D    -3  -1   0   3   0  -2   1  -2   1  -3  -2  -2  -1   5  -1  -1  -2   1   3  -2    2   3   4  16   2   1  10   3   4   1   4   2   2  22   3   3   2   2  12   3  0.43 0.29
  421 N     3   0   1  -1  -3  -1   2  -2   2  -3  -4   1  -3  -4  -2   1   1  -3   0  -3   22   5   7   3   1   2  15   2   6   1   1   8   0   0   2  10   8   0   4   2  0.31 0.26
  422 Y    -6  -5  -6  -7  -4  -3  -6  -6   1  -3   1  -5   1   6  -7  -3  -4   3   6  -1    0   0   0   0   0   1   0   0   3   1  14   1   3  35   0   2   1   4  29   4  1.47 0.64
  423 M    -4  -4  -5  -6  -5  -5  -6  -7  -5   4   4  -3   6   0  -5  -5  -2  -5  -3   2    1   1   1   0   0   0   0   0   0  24  35   2  17   4   1   0   3   0   1  10  1.04 0.50
  424 P     0  -7  -5  -6  -7  -6  -6  -2  -4  -4  -4  -6  -5  -7   8  -2  -2  -8  -7  -2    8   0   0   0   0   0   0   3   0   1   2   0   0   0  74   3   3   0   0   3  2.25 0.96
  425 F    -8  -9  -9 -10  -9  -9  -9  -9  -7  -6  -5  -9  -6  10 -10  -9  -8   0   0  -7    0   0   0   0   0   0   0   0   0   0   0   0   0  96   0   0   0   1   2   0  3.65 1.30
  426 G    -3  -7  -2  -6  -7  -5  -6   7  -7  -7  -7  -6  -6  -8  -7   3  -5  -8  -8  -8    1   0   2   0   0   0   0  73   0   0   1   0   0   0   0  22   1   0   0   0  2.09 0.91
  427 Q     4  -4  -1  -3  -1  -4  -3   2  -2  -1  -1  -3   1   0  -4   1   0   2  -1   0   31   0   3   1   1   0   1  16   1   4   6   1   3   5   0  12   5   3   2   5  0.38 0.30
  428 G    -6  -8  -6  -7  -9  -8  -8   8  -8 -10 -10  -8  -9  -9  -8  -6  -8  -9  -9  -9    0   0   0   0   0   0   0 100   0   0   0   0   0   0   0   0   0   0   0   0  3.13 1.20
  429 L    -1   6  -4  -5  -7  -1  -5  -5  -4  -3  -4   2   0  -7   5  -2  -2  -7  -5   0    4  37   0   0   0   3   0   0   0   1   2  13   2   0  25   3   2   0   0   6  1.13 0.61
  430 R    -8   9  -6  -8 -10  -5  -6  -8   4  -9  -8  -3  -8  -9  -8  -5  -7  -9  -7  -9    0  90   0   0   0   0   0   0   8   0   0   1   0   0   0   1   0   0   0   0  3.10 1.22
  431 N     0   1   3  -3  -4   0  -3  -1  -2   3  -1  -1   3  -3  -5   1  -1  -5  -3   1    7   8  15   1   0   4   0   4   1  19   6   3   8   1   0   9   3   0   1  10  0.30 0.26
  432 C    -7 -10 -10 -11  12 -10 -11 -10 -10  -8  -8 -10  -8  -9 -10  -8  -8  -9  -9  -8    0   0   0   0 100   0   0   0   0   0   0   0   0   0   0   0   0   0   0   0  4.97 1.63
  433 A    -1  -7  -7  -7  -6  -5  -7  -6  -7   5   2  -6  -1  -4   6  -5  -5  -7  -6   1    6   0   0   0   0   0   0   0   0  29  16   0   1   0  35   0   0   0   0  10  1.33 0.65
  434 G    -2  -8  -6  -6  -8  -8  -8   8  -8 -10 -10  -7  -9  -9  -8  -5  -7  -9  -9  -9    3   0   0   0   0   0   0  96   0   0   0   0   0   0   0   0   0   0   0   0  2.89 1.13
  435 L    -1   1  -1  -1  -5   3   3  -5  -3   1  -1   1   4  -3  -3  -1  -2   0  -2  -1    4   8   3   2   0  14  19   0   0   9   5   9  12   1   1   5   1   1   1   4  0.39 0.31
  436 E     0   3   2  -1  -4   2   1   0   2  -2  -3   0  -2  -2   1   0   0  -4  -1  -2    6  15   9   2   0   9  10   8   6   2   3   6   1   1   6   7   5   0   2   3  0.21 0.19
  437 L    -6  -7  -8  -8  -6  -4  -7  -8  -6   1   4  -7   2   6  -6  -5  -5  -3   2  -2    0   0   0   0   0   1   0   0   0   8  41   0   5  36   0   1   1   0   5   2  1.52 0.67
  438 A     7  -7  -6  -6  -6  -6  -6   3  -7  -7  -7  -6  -7  -6  -6  -1  -4  -8  -7  -3   73   0   0   0   0   0   0  20   0   0   0   0   0   0   0   5   1   0   0   2  1.86 0.88
  439 K    -3   3  -2  -2  -5   0   1  -5  -2   0   2   1   4  -3  -4  -2   0  -1   1  -1    1  17   2   2   0   4   9   0   1   6  20  10  11   1   0   2   5   1   4   3  0.37 0.29
  440 M     1   0   0  -2  -2   1  -3  -3  -2   0   2  -3   5  -3  -2  -1   0   0  -2   0   11   7   6   2   1   6   1   1   1   4  20   1  18   0   2   5   7   1   1   6  0.34 0.29
  441 E    -3  -5   2  -4  -5   3   6  -5   0  -1  -2  -4   2  -2  -6   0   0  -7  -5  -2    1   0   8   0   0  11  46   0   2   4   5   0   5   2   0   6   6   0   0   3  0.92 0.56
  442 I     0  -6  -4  -5  -4  -4  -3  -5  -6   3   3  -5   5  -2  -6  -2  -2  -6  -4   3    8   0   1   0   0   0   2   1   0  17  31   0  15   1   0   3   2   0   0  19  0.84 0.45
  443 V    -1  -2  -3  -4  -2  -1   1  -1   2  -3  -1   4  -3   5  -3  -1  -1   0   0  -3    4   2   0   0   1   2  11   4   5   1   5  23   0  22   1   5   5   1   3   2  0.44 0.33
  444 V    -1  -5  -6  -7  -3  -6  -6  -5  -5   3   4  -6   2   0  -6  -2   1  -5   0   3    5   0   0   0   0   0   0   1   0  13  41   0   5   4   0   2   8   0   3  17  0.83 0.44
  445 F     2  -5  -4  -5  -1  -5  -5   0  -5   2   1  -5   2   5  -1  -2   1  -1  -1   2   16   0   1   0   1   0   0   6   0   9  10   0   5  23   3   2   8   1   1  14  0.51 0.34
  446 L    -3  -6  -7  -7  -2  -6  -7  -6  -7   3   5  -6   3   2  -7  -5  -1   0  -4   2    2   0   0   0   1   0   0   0   0  14  51   0   5   8   0   0   4   1   0  13  1.10 0.53
  447 H     5  -4  -5  -6  -2  -4  -5   0   4  -1  -3  -5  -3  -4  -5   1   2  -7  -4   0   44   1   0   0   1   0   0   6   9   3   3   0   0   1   0  11  12   0   0   8  0.83 0.51
  448 H    -1   2   3  -3  -1   0  -1  -4   4  -1  -1   1   2  -4  -4   1   2  -1  -1  -2    4  13  14   0   1   4   3   1  11   4   7   7   5   0   0   9  11   1   2   2  0.33 0.28
  449 L    -4  -7  -7  -8  -3  -6  -7  -8  -7   4   5  -7   3   2  -7  -6  -2  -2  -4   1    1   0   0   0   1   0   0   0   0  20  51   0   6   8   0   0   3   1   0   9  1.23 0.57
  450 T    -2  -7  -7  -8  -1  -6  -7  -8  -7   3   5  -7   1  -1  -7  -4  -3  -6  -4   3    3   0   0   0   1   0   0   0   0  12  55   0   3   2   0   1   1   0   0  21  1.26 0.59
  451 L    -2   3  -1  -5  -5   5  -2  -4   4  -5   0   0  -2  -3  -6  -1   0   3   3  -4    3  14   3   0   0  30   1   1   9   0   8   6   1   1   0   4   5   4   9   1  0.76 0.49
  452 N     0   3   4  -3   2   0   0  -1   5  -5  -4   1  -1  -2  -5  -1  -1  -2  -2  -4    6  17  22   0   4   3   5   5  12   0   2  10   2   2   0   4   4   0   1   1  0.56 0.37
  453 F    -7  -8  -8  -9  -1  -8  -9  -8  -3  -4  -2  -8  -3   9  -9  -6  -7  -3   4  -4    0   0   0   0   1   0   0   0   1   1   4   0   1  75   0   1   0   0  14   1  2.71 1.03
  454 D    -4   3   2   4  -4   0   3  -4   0  -5  -5   2  -5  -6  -5   1   0  -3  -5  -5    1  14  10  25   0   3  17   0   2   0   1  11   0   0   0   9   6   0   0   0  0.73 0.44
  455 W    -6  -7  -8  -8  -7  -7  -8  -6  -7   2   2  -6  -1   6  -7  -7  -6  10  -2   0    0   0   0   0   0   0   0   0   0  11  19   0   2  27   0   0   0  31   1   7  1.91 0.78
  456 E    -2   1  -2  -1  -4   1   4  -3   0  -4  -3   4  -3  -4  -3   2   0  -5  -3  -2    3   8   1   3   0   5  27   1   2   1   2  22   0   1   1  15   5   0   1   2  0.58 0.37
  457 M    -1  -1  -3  -4   0  -3  -2  -5  -3   0   4  -1   1  -1   1  -1   0  -5  -2   2    5   4   1   0   2   0   2   0   1   4  38   4   3   2   8   5   6   0   1  14  0.39 0.28
  458 A     1  -3  -1  -2   1  -2  -2  -3  -1  -1  -1  -3  -3  -5   6   0  -1  -6  -4   2   11   1   3   3   3   2   2   2   1   4   5   1   0   0  34   8   3   0   0  14  0.65 0.39
  459 E    -2  -1   2   3  -3   0   2   0   1  -2  -4   0  -2  -3   2   0  -1  -5  -3  -1    3   4   8  19   0   4  14   7   3   2   1   6   1   1  12   6   3   0   1   4  0.33 0.24
  460 P    -2  -1  -1   2  -6  -3   1   4  -3  -6  -6  -2  -6  -6   5  -1   0  -6  -4  -5    2   3   3  12   0   0   8  28   1   0   1   3   0   0  29   5   5   0   1   0  0.87 0.48
  461 D    -2  -1   0   4  -2   0   2   0   1  -3  -3   1   3  -3   0   0   1  -5  -1  -1    1   3   4  21   1   3  13   7   3   1   1   7   7   1   4   6  10   0   2   4  0.31 0.25
  462 H    -1   1   0   0  -1   2   2  -1   2  -1  -3   2  -1  -1  -1  -1   1  -4   0  -1    4   6   3   4   1   8  15   4   5   4   2  17   1   2   2   3  11   0   4   4  0.20 0.19
  463 P    -1  -1  -2   0  -5  -2   0  -2  -1  -1  -2   2  -4  -4   6  -1  -1  -6  -5  -2    4   3   2   5   0   1   6   3   1   4   4  11   0   1  43   4   4   0   0   3  0.87 0.45
  464 L    -1  -1  -2   0  -3  -1   0  -2  -2   2   2  -1   2  -1  -1   0   0  -4  -2   2    4   4   1   5   0   2   6   2   1  15  17   3   6   3   3   6   4   0   1  17  0.15 0.14
  465 A    -1   0  -1   3  -2   0   0  -1  -1   0  -1   1   1  -1   0   0   0  -4  -2   1    5   5   2  17   1   4   6   3   1   7   5   8   5   2   5   6   7   0   1  10  0.10 0.11
  466 Y    -2  -1   0  -1  -2  -2  -1  -3   1   1   1  -1   3   3  -2   0   0   0   3   1    2   3   4   3   0   1   3   1   3   8  11   3   8  14   2   7   6   1   9  10  0.17 0.15
  467 A     0  -1  -1   1  -3  -3  -1   1  -2  -2   0  -2  -1  -3   4   0   2  -3  -3  -1    6   4   3   9   0   0   3  12   1   1  12   2   1   1  21   7  12   0   1   4  0.32 0.24
  468 F    -2  -1  -3  -2  -3  -2  -2  -3  -2   2   2  -1   4   4   0  -2   0  -3   0   1    2   4   1   2   0   2   2   2   1  10  19   3  11  18   4   2   8   0   2   8  0.32 0.22
  469 P    -1  -2  -2   0  -3  -2  -2  -1  -1   1   1  -1  -1  -1   4  -1   2  -2  -1   1    3   2   1   5   0   2   2   6   1   7  13   3   1   2  20   4  14   1   2  11  0.26 0.20
  470 D    -1   1   0   1  -2   0   1  -1   0   0   0   0   0  -2   1   1   0  -3  -2   0    4   9   5  10   1   3  11   4   3   6  10   4   2   1   6  10   5   0   1   6  0.07 0.08
  471 F     0  -1  -2  -2  -2  -2  -2  -2  -2   0   1  -1   3   3   3  -1   0  -3   1   0   10   4   1   2   0   1   2   2   1   5  13   3  10  12  13   5   6   0   4   7  0.20 0.17
  472 P    -1  -2  -2  -2  -4   0   0  -4   1  -3  -3   2   0  -5   6  -1   0  -5  -2  -3    6   2   2   2   0   4   7   1   4   2   2  13   2   0  41   4   5   0   1   2  0.85 0.42
  473 K    -2   1   2   1  -2   0   1   0   1  -3  -3   2  -2  -2   2   0   0  -4  -1  -1    2   6  13   7   1   4   8   7   3   1   2  16   1   2   9   6   4   0   2   4  0.21 0.16
  474 G    -1   0  -1  -1  -5  -3  -2   5  -4  -3  -3   1  -4  -5   1  -1  -2  -6  -5  -5    5   5   3   3   0   1   2  51   0   2   3   8   0   0   8   5   3   0   0   0  0.85 0.44
  475 L     0  -3  -5  -4  -2  -4  -4  -5  -4   3   3  -3   0   4  -2  -2  -3  -3   2   1    7   1   0   1   1   0   1   0   0  15  29   1   2  17   2   2   1   0   8  10  0.55 0.31
  476 P    -3   0  -1  -3  -3   1  -1   0   3  -3  -3   0  -1  -2   5  -1   2   2   0  -2    1   4   3   1   1   6   3   9   7   1   3   6   1   1  29   3  12   3   3   3  0.54 0.34
  477 I    -3  -6  -6  -7  -1  -4  -5  -5  -4   5   4  -6   4  -1  -5  -4  -4  -3  -4   3    2   0   0   0   2   1   0   1   0  29  35   0   9   2   0   1   0   0   0  17  1.01 0.47
  478 K    -2   4  -2  -2   4   0  -1  -4   0  -1  -4   4   1  -3  -1  -1   1  -3  -3  -2    2  22   2   2   9   4   2   1   2   4   1  27   4   1   3   4   7   0   1   3  0.53 0.34
  479 V    -2  -4  -5  -6  -1  -4  -4  -5   2   2   3  -3   1   2  -2  -4  -2   1  -1   4    2   1   0   0   1   0   1   1   6   9  30   1   3  10   2   0   1   2   2  28  0.63 0.35
  480 R    -2   5  -2  -4   0   2   1  -5   3  -5  -4   3  -4  -6   0   0   1  -3  -4  -5    2  30   1   0   2   8  10   0   7   0   1  18   0   0   6   6   7   0   0   0  0.72 0.41
  481 R    -4   6  -4  -5  -7   1  -3  -5  -1  -5  -5   3  -5  -1   5  -3  -4  -6  -5  -6    1  42   0   0   0   6   0   0   1   1   1  15   0   3  27   2   0   0   0   0  1.33 0.61
  482 L    -4   4  -4  -5   4  -2  -3  -5   0   1   3  -2   0   2  -5  -4  -2  -4  -3   1    0  25   0   0  10   1   1   0   2   8  27   2   1  10   0   0   2   0   0  11  0.62 0.35
  483 A     1  -2   0   0   1   2  -2   1   3  -2  -3  -1  -3  -4   2   2   0  -4  -3  -1   13   1   3   4   3  10   0  10  10   1   1   3   0   0  10  22   3   0   0   6  0.31 0.23
  484 L     0  -2  -5  -5  -3  -4  -4  -5  -1   1   5  -4   0   0  -3  -3  -3  -3   0   2    8   2   0   0   0   0   0   0   1   6  63   0   0   3   1   1   0   0   3  12  0.71 0.31
  485 K    -3   5  -2  -3  -5   0  -1  -4  -2  -5  -4   6  -3  -5  -3  -2  -3  -5  -4  -4    0  30   0   0   0   1   0   0   0   0   0  68   0   0   0   0   0   0   0   0  1.36 0.40

                      K         Lambda
Standard Ungapped    0.1400     0.3228
Standard Gapped      0.0503     0.2670
PSI Ungapped         0.1643     0.3174
PSI Gapped           0.0503     0.2670
