
Last position-specific scoring matrix computed, weighted observed percentages rounded down, information per position, and relative weight of gapless real matches to pseudocounts
            A   R   N   D   C   Q   E   G   H   I   L   K   M   F   P   S   T   W   Y   V   A   R   N   D   C   Q   E   G   H   I   L   K   M   F   P   S   T   W   Y   V
    1 M    -3  -3  -4  -5  -3  -3  -4  -5  -4   3   3  -3   7  -1  -4  -3  -2  -3  -2   1    0   0   0   0   0   0   0   0   0  15  33   0  48   0   0   0   0   0   0   5  0.93 0.29
    2 Q    -2   3   0   1  -1   5   1  -1   2  -5  -4   2  -3  -5  -3  -1  -3  -5  -3  -4    2  16   2  10   2  35   6   5   6   0   0  15   0   0   0   2   0   0   0   0  0.68 0.34
    3 T    -2   1  -2   1  -4   5   0  -3   1  -5  -4  -1  -3  -5  -4   3   3  -5  -4  -4    2   8   0   6   0  30   3   1   4   0   0   2   0   0   0  21  22   0   0   0  0.71 0.42
    4 T     1  -4   1  -2  -4  -2  -2  -3  -4  -3  -2  -2  -4  -5   6   1   3  -6  -5  -1   10   0   6   2   0   1   2   2   0   1   3   2   0   0  37   8  21   0   0   5  0.83 0.44
    5 N    -2  -3   3   5  -5   1   3  -4  -2  -2  -1  -1  -4  -4  -1   0  -2  -6  -5  -5    3   1  14  34   0   5  17   0   1   3   7   2   0   1   3   8   1   0   0   0  0.68 0.42
    6 F    -3  -4  -2  -3   1  -4  -3  -4   2   3   3  -3   2   3  -5  -2  -1  -4  -1   2    1   0   2   1   3   0   1   1   6  15  27   2   6  15   0   3   4   0   1  13  0.49 0.32
    7 C     0  -7  -7  -7   9  -7  -7  -7  -2   2  -1  -7  -2  -6  -5  -5  -1  -2  -6   4    7   0   0   0  46   0   0   0   1  10   6   0   1   0   1   0   4   1   0  24  1.78 0.77
    8 S     4   1  -1  -2  -4   0   0  -3  -1  -3  -1   1  -1  -4  -4   3   1  -5  -3  -3   31   8   2   1   0   3   5   1   1   1   6   8   1   1   0  21   7   0   1   0  0.45 0.38
    9 E     1   0  -4   0  -4   0   2  -3  -1   0   3  -1   0  -3  -2  -1  -1   0  -2   0   10   5   0   4   0   4  13   1   1   4  34   3   2   0   2   5   2   1   1   5  0.25 0.26
   10 V    -2  -3  -5  -6  -1  -3  -6  -3  -4   2   5  -5   0   1  -5  -6  -3  -1  -4   1    3   1   0   0   1   1   0   3   0  11  60   0   1   5   1   0   1   1   0   9  1.03 0.56
   11 L    -2  -3  -1  -4  -1  -3  -3  -6  -2   2   5  -4   1  -1  -6  -3  -2  -2  -2   2    3   1   4   1   1   1   2   0   1  12  52   1   3   2   0   2   2   0   2  11  0.79 0.46
   12 A     3   0  -1   1   1  -1   1   0   0  -4  -2   0  -4  -3   0   2  -1  -1  -2  -1   28   4   2   6   3   3   8   7   2   0   4   6   0   1   4  14   3   1   2   3  0.25 0.26
   13 Q    -2   1   1  -1  -2   4   1  -3   7  -3  -3  -1  -2  -5  -3  -2  -3  -5   1  -1    3   8   7   4   1  19   8   2  25   2   2   4   1   0   1   3   1   0   5   5  0.73 0.47
   14 E     0  -2  -3   0  -3   0   1   5  -2  -2  -2  -2  -2  -4  -2   0  -3  -5  -3  -1    7   2   1   5   1   4  11  42   1   2   5   2   1   1   2   7   1   0   1   4  0.56 0.38
   15 S     4  -2  -2  -3   0  -2   0  -2  -2  -1  -2  -2  -4  -5  -2   2   1  -5  -2  -2   40   2   2   1   2   2   6   3   1   4   5   2   0   0   1  18   7   0   1   3  0.52 0.41
   16 R    -2   3   1   4  -4   3   1  -3  -2  -4  -2   1  -3  -4  -3   0  -3   0  -5  -3    3  13   7  26   0  12  10   2   1   1   4   9   1   1   1   6   1   1   0   2  0.56 0.40
   17 L     0  -3  -5  -4  -4  -3  -3  -4  -4   1   5  -2   0  -2   0   0  -2  -5  -4   1    9   1   0   1   0   1   2   2   1   8  47   2   2   1   4   7   2   0   0   9  0.64 0.39
   18 H    -2  -2   2  -1   0   0  -1  -3   4   1   3  -1   3  -3  -2  -1  -1  -2  -2   0    3   2  11   3   2   4   3   2  10   6  25   3   8   1   2   4   4   1   1   5  0.29 0.23
   19 R    -1   4  -1  -1  -2   1   0  -2   3  -2  -1   2  -1  -1  -2   0  -2   0  -1  -2    4  23   3   3   1   5   7   2   8   2   6  11   2   3   2   8   2   1   2   3  0.32 0.23
   20 P     0   1   0   0  -4   1   1  -2   4  -2   0   0  -2  -1   2  -1  -2  -2   0  -2   10   9   5   4   0   6   7   4  12   2   9   5   1   2  12   4   3   1   3   2  0.22 0.19
   21 G     0  -3   0   0  -1  -1  -1   5   0  -3  -2  -2  -2  -2  -3   0  -2  -3  -3  -4    7   2   4   5   1   3   4  46   2   2   5   3   1   2   1   7   3   0   1   1  0.69 0.39
   22 P     3  -1  -2  -1  -2  -1  -2  -1  -1  -3  -2   2  -2  -2   3  -1  -2  -5  -1  -1   28   3   2   4   1   3   3   6   1   1   3  12   1   2  17   5   2   0   2   4  0.41 0.32
   23 S    -1   0   0   1  -5   1   0   3  -1  -3  -4   1  -3  -4  -2   2  -2  -3  -4  -2    4   5   5   9   0   6   5  24   2   1   2  10   0   1   2  18   2   0   1   3  0.38 0.29
   24 S     3   0   2  -1  -3   0  -1  -2   0  -2  -2  -1  -3  -3   2   1   0  -3  -3   0   21   4  11   4   1   4   5   2   3   2   4   3   1   1  12  10   5   0   1   7  0.28 0.24
   25 L     0  -1   3   1  -2  -1  -1  -2   0  -1   1  -1  -1  -1  -2   1  -1  -2   0  -1    8   2  16   8   1   2   4   3   2   4  15   4   1   2   2  12   3   1   4   4  0.15 0.15
   26 L    -2  -5  -5  -5  -5  -6  -5  -5  -6   4   3  -5   0   0  -2  -4  -3   2  -1   5    4   1   1   1   0   0   1   1   0  19  23   1   2   3   2   1   2   3   2  32  0.91 0.47
   27 S    -1  -3   7   4  -4  -1  -1  -2  -3  -5  -4  -2  -4  -3  -4  -1   0  -8  -5  -4    5   2  43  18   1   2   4   3   1   1   2   3   1   1   1   5   5   0   0   2  1.16 0.67
   28 T     1  -1  -1  -1   2   1   1  -3   0   1  -1  -1   0   0  -2   1   1  -1  -1   1   11   4   2   3   5   6   9   2   2   7   6   3   2   3   1   9  10   1   3  10  0.10 0.12
   29 T    -1   3  -3  -3   1   2  -1  -2  -1  -1  -1   2   0  -4   1  -1   2  -6  -2   0    6  16   1   1   3   9   3   4   1   4   5  11   2   1   7   4  13   0   2   7  0.29 0.26
   30 N    -3  -4   5   7  -7  -2  -2  -1  -2  -6  -6  -5  -7  -2  -6  -2   0  -7  -4  -5    3   1  20  49   0   2   3   4   1   1   1   1   0   2   1   4   6   0   1   1  1.45 0.77
   31 D     0   1   1   2  -2   0   3  -1   1  -1  -3   1  -2  -3   0   1  -1  -2   0  -2    6   6   6   9   1   3  17   5   4   3   3   9   1   1   4  10   4   1   3   4  0.19 0.19
   32 D    -3   1   3   3  -1   0   1  -3   2  -3  -2   2  -2  -1  -4   1  -3  -4   1  -3    2   6  12  17   2   5  10   2   4   1   5  10   1   3   1   9   2   0   5   2  0.37 0.29
   33 G    -4  -2  -2  -2  -4  -4  -4   7  -1  -5  -4  -1  -6  -6  -2  -2  -4  -2  -3  -5    2   3   2   2   1   1   1  66   2   1   2   5   0   1   3   4   1   1   1   1  1.54 0.82
   34 E    -2   3   1   2  -1   3   1  -4   1  -2  -2  -1   0   0  -4  -2  -4   6   1  -3    4  16   6  10   1  11  10   1   3   2   4   4   3   4   1   3   1  10   4   2  0.50 0.36
   35 T    -2  -6   0  -4  -2  -3  -5  -5  -3  -3  -3  -4  -4  -6  -2   1   7  -9  -2  -5    4   0   4   1   1   2   1   1   1   2   3   1   0   0   2  10  62   0   2   1  1.60 0.95
   36 P     4  -6  -6  -6  -2  -2  -2  -6  -6  -5  -1  -6  -5  -5   7  -4  -7 -10  -7  -2   29   1   0   1   1   2   3   1   0   1   7   1   0   1  47   2   0   0   0   3  1.60 0.95
   37 L    -6 -10 -10 -10  -5  -7  -7  -9 -10   0   7 -10   0  -1 -10  -5  -5  -4  -5  -2    1   0   0   0   0   0   0   0   0   5  81   0   2   3   0   1   1   0   0   3  2.15 1.06
   38 L    -4  -2  -3  -5  -3  -1  -4  -7   9   0   1  -4   4  -2  -7  -5  -4  -1  -1  -2    2   3   2   1   1   3   1   1  45   6  13   1   9   2   1   1   2   1   2   3  1.76 0.88
   39 V    -2   1  -2  -3  -2   1   1  -6   0   2   2  -1   1   0  -5  -2  -2   5   2   0    4   7   2   2   1   6   8   0   2  10  18   5   3   4   0   4   3   8   7   5  0.32 0.24
   40 A     7 -10  -7 -10  -2  -9  -7  -9  -4  -6  -5  -7  -6  -3  -5  -1  -4  -3  -5  -3   82   0   0   0   1   0   1   0   1   1   2   0   0   1   1   5   1   0   1   2  2.32 1.20
   41 V     5  -7  -7  -7   6  -9  -7  -9 -10   2  -3  -9  -3  -5  -7   1  -2 -10  -5   3   39   0   0   0  13   0   0   0   0   9   3   0   1   1   0   9   3   0   0  20  1.35 0.75
   42 K     1   3  -2  -2   0   1   1  -3  -1   2  -1   2   0  -2  -6   1  -2   0   0  -2   12  13   2   2   2   6   8   2   2   9   6  11   2   2   0  10   3   1   3   2  0.25 0.21
   43 S     0   2   3   0   0   1   0  -2   3  -2  -1   1  -2  -2  -6   0   0   1   2  -2    7  12  11   5   2   6   6   3   6   3   6   7   1   2   0   8   5   2   6   3  0.23 0.20
   44 G    -3  -1   3  -1  -6  -4  -4   7  -4 -10  -6  -3  -4 -10  -5  -2  -5 -10 -10  -7    3   4  11   3   0   1   2  66   1   0   1   2   1   0   1   3   1   0   0   1  1.76 0.93
   45 R    -5   0   5   5  -1   1  -2  -6   6  -5  -4  -1  -8  -6  -7  -1  -5  -2   0  -7    1   5  25  23   1   6   3   1  14   1   3   4   0   0   0   5   1   1   4   1  1.13 0.66
   46 V     0  -2  -3  -3  -1  -3   0  -4  -2   2   3  -2   0  -2  -1  -3   0  -7  -1   3    8   3   1   2   1   2   6   1   1   9  25   3   2   2   4   3   7   0   2  19  0.37 0.25
   47 S     0  -1  -1   3  -3   1   4  -2  -1  -5  -3   0  -3  -6   0   0  -1  -2  -4  -4    7   4   4  16   1   7  26   4   2   1   3   5   1   0   5   8   5   1   1   2  0.51 0.40
   48 L     1  -1  -3  -3   3  -2   0  -4  -6   2   1   0   3  -3  -4  -1   1   0  -4   2   11   4   1   2   5   2   6   2   0  11  15   5   6   1   1   4   8   1   1  14  0.29 0.20
   49 A     1  -9  -9  -7   1  -7  -4  -9  -5   2   2  -8  -1  -2  -5  -5  -2  -9  -8   6   10   0   0   0   3   0   2   0   0   9  20   0   1   2   1   1   2   0   0  46  1.32 0.69
   50 L    -2   4  -3  -1  -1   2   2  -4  -1  -2  -2   4  -3  -5  -8   0  -1  -8  -1  -5    4  18   1   4   2   9  13   2   2   3   5  22   1   1   0   6   4   0   2   1  0.60 0.42
   51 H     0   1  -3  -1  -3   0   1  -5   1  -2   1   1   1   1  -3  -1   0   0   3  -1    7   6   1   4   1   5   9   1   4   2  15   8   4   6   1   4   5   1  10   5  0.20 0.17
   52 L    -4  -5  -9  -7   0  -7  -8  -8  -2   1   6  -6   0  -1  -6  -5  -2  -4  -2  -3    2   1   0   0   2   0   0   1   1   6  70   1   2   3   1   1   3   0   2   3  1.69 0.86
   53 L    -6  -7  -5  -9  -1  -5  -6  -6  -2   3   6  -7   1  -1  -6  -5  -4  -8  -3   1    1   0   1   0   1   1   1   1   1  15  57   0   3   3   1   1   1   0   1  10  1.41 0.71
   54 D     0   0   1   3  -1   2   3  -3  -4  -3  -3   1  -1  -4  -3   1  -2  -4  -4  -3    7   4   7  14   1   9  19   2   0   2   3   8   2   1   2  11   3   0   1   2  0.42 0.32
   55 Q     1   2   3  -2  -2   2   1  -2   2  -3  -1   2  -2  -2  -3   0  -1  -2   1  -4   10  11  12   3   1   7   8   3   5   2   6  12   1   2   1   7   3   1   5   1  0.28 0.22
   56 H    -3  -1   1  -2  -1  -1   0   6   1  -4  -4   1  -2  -1  -3  -1  -4  -2  -4  -4    3   4   7   2   1   3   6  45   4   1   3   7   1   3   2   4   1   1   1   2  0.85 0.49
   57 Y     4  -1  -2  -1   1  -2  -1   0  -1  -1  -2   0  -3  -2  -1  -1  -2  -3  -1   1   31   4   2   4   3   2   5   8   1   4   4   5   1   2   4   5   3   0   2   9  0.33 0.24
   58 S     0  -2   2   4   0  -1  -2  -2  -1  -1  -1  -1  -2  -2   0   2  -2   1  -2  -2    9   3  10  20   2   3   3   4   1   4   6   3   1   2   5  15   3   2   2   3  0.31 0.23
   59 R     0   0   1   1  -1   0  -1  -2  -3   1  -1  -2  -1  -2   3   0   0  -1  -2   1    7   5   6   8   1   4   4   4   1   9   7   3   2   2  14   6   5   1   2  11  0.15 0.11
   60 H    -1  -1   4   2  -2   0  -1  -1   2   1  -1   0  -2  -3   1   0  -2  -1  -2   0    5   3  19   9   1   4   4   4   4   6   5   5   1   1   7   7   3   1   2   7  0.25 0.16
   61 N     2  -1   3   0  -2  -1   0   0   0   0  -1  -1  -1   0  -1   1   0  -2  -1  -1   14   4  12   6   1   3   6   6   2   5   8   4   1   4   3   8   6   1   2   4  0.10 0.08
   62 L     0   0   0  -1   0   0   0  -1   0   1   1   0   0  -1   0   0   0  -1   0   1    8   5   4   4   2   4   4   6   2   8  13   8   2   2   4   5   5   1   4  10  0.02 0.02
   63 L     0   0   0   0   0   0   0   0  -1   0   0   0   0   0   0   0   0  -1   0   0    6   4   6   7   2   4   5   6   2   7  12   5   3   4   4   7   5   1   2   7  0.01 0.38
   64 V     0   0   1   1   0   0   0   0  -1   0   0   0   0  -1   0   0   0  -1   0   0    6   4   7   8   3   3   5   7   1   6  13   5   2   3   4   6   6   1   3   8  0.01 0.01
   65 E     0  -1   0   1   0   1   2   0   1  -1  -1  -1   0  -1   0   0  -1  -2   0  -1    8   4   4   7   2   5  15   8   4   3   6   4   2   3   5   8   4   1   4   5  0.09 0.06
   66 H    -1   0   4   1  -1   0   0  -1   4  -2  -1  -1  -1  -1  -1   0  -1  -3   0  -2    6   6  19   7   2   4   5   5   8   3   6   4   1   3   3   8   4   0   3   4  0.26 0.13
   67 L    -1  -1  -1  -2  -1  -2  -1  -1  -3   1   1  -1   0   1  -1  -1   0   0   0   2    5   4   3   2   1   2   5   5   1   8  16   4   2   5   4   5   7   1   3  17  0.12 0.07
   68 L    -1   0   2   1   0  -1   0  -2  -1   0   0  -1   0   0   0   0   0   0   0   0    6   4  12   8   2   2   7   4   2   6  10   4   2   4   4   8   6   1   3   5  0.07 0.05
   69 K     2   1   1  -1   0   2   0  -2  -1   0  -2   2  -1  -1  -1  -1  -1  -2  -2  -1   14   8   6   4   2   9   7   4   1   6   5  10   2   3   3   5   3   1   2   5  0.12 0.09
   70 Q     0   3   0   0  -1   3   2  -2  -1  -2  -2   0   0  -2   1  -1   1  -4  -3  -1    7  13   4   5   2  13  11   4   1   2   4   6   2   2   7   6   7   0   1   5  0.21 0.16
   71 D    -3  -2   2   7  -5  -2   1  -1  -3  -4  -4  -1  -3  -3  -2  -2  -2  -5  -4  -4    3   3   8  47   0   2   8   5   1   1   2   5   1   1   3   4   3   0   1   1  1.13 0.55
   72 T    -1   1   1   0  -1  -1   1  -2   2  -1  -2   2  -1  -2   0   1   0  -1   1  -1    5   8   6   5   2   3  10   3   4   3   4  12   2   2   5  11   6   1   4   4  0.14 0.12
   73 G    -1   0   2   3  -1   0   1   1   1  -3  -1   0  -1  -1  -4  -1  -1  -2   1  -2    6   5   8  17   1   4  10  10   3   2   7   6   2   3   1   5   4   1   5   3  0.22 0.16
   74 K    -4  -1  -1  -1  -3  -2  -2   6   1  -4  -3   1  -3  -3  -1  -2  -4  -2  -1  -3    2   4   4   3   1   2   3  50   3   2   3   7   1   1   4   4   1   1   2   2  0.96 0.53
   75 C    -2   2   1   1   4   1   0  -3   1  -2  -1  -1   1   0  -2  -1  -1   6   0  -3    4  12   7   7   8   5   6   2   3   2   6   4   4   4   2   6   4   9   4   2  0.30 0.22
   76 N    -3  -1   2  -4  -3  -4  -5  -4  -2  -5  -3  -4  -2  -3  -2   2   7  -3  -2  -5    3   3   8   1   1   1   1   2   1   1   3   1   1   1   2  16  51   0   2   1  1.27 0.77
   77 V     4  -5  -6  -3  -2  -5  -4  -3  -6  -2   0  -4  -4  -2   6  -2  -5  -8  -5  -1   30   1   0   2   1   1   1   2   0   3  10   1   0   2  36   4   1   0   1   4  1.14 0.72
   78 L    -5  -9  -9  -9  -8  -8  -6  -9  -9   1   6  -7   0   0  -9  -6  -5  -8  -3   0    1   0   0   0   0   0   1   0   0   8  74   1   2   4   0   1   1   0   1   6  1.89 0.94
   79 H    -5  -1  -3  -6   0  -1  -4  -7   9  -1   0  -2   3  -1  -6  -2  -3  -2   2  -5    1   3   1   1   2   3   1   1  47   3   9   3   7   3   1   4   2   1   7   1  1.72 0.87
   80 H    -2   0  -2  -3   1   0   0  -6   3   1   2  -1   0   0  -6  -2  -1   6   3   0    3   5   2   1   3   4   7   1   6   7  19   4   2   4   0   4   4   9  10   5  0.41 0.29
   81 A     7  -9  -5  -6   1  -6  -9  -3  -3  -5  -4  -9  -4  -6  -5  -1  -5  -9  -3  -3   76   0   1   1   3   0   0   3   1   1   3   0   1   1   1   6   1   0   1   2  2.02 1.07
   82 I     5  -9  -5  -9   7  -4  -7  -9  -5   2  -2  -6   0  -3  -9   0  -2  -9  -4   2   36   0   1   0  17   1   1   0   0  10   4   1   2   1   0   7   3   0   1  15  1.24 0.69
   83 R     0   3  -2  -3   0   0   0  -3   1   0   0   2   1  -1  -6   1  -1   1   1  -3    8  14   2   2   2   5   7   2   3   6  10  11   3   3   0  11   5   2   5   2  0.22 0.19
   84 N    -1   0   4  -1  -1   1   0  -1   4  -3  -1   0  -1  -1  -5   0   0  -2   2  -3    6   6  17   4   1   6   6   6   8   2   6   7   2   2   1   7   6   1   6   3  0.29 0.24
   85 G    -3  -1   3  -1  -3  -4  -3   7  -9 -10  -6  -2 -10 -10  -6  -2  -5  -2  -5  -7    2   4  11   4   1   1   2  64   0   0   1   3   0   0   1   4   1   1   1   1  1.69 0.93
   86 Y    -4   1   3   4  -2   1  -3  -8   7  -6  -4   0  -3  -2  -7   0  -4  -2   2  -5    2   7  13  18   1   5   2   0  23   1   3   7   1   2   0   7   1   1   6   1  1.03 0.61
   87 V    -1  -1  -2  -3  -2  -2   0  -4  -2   1   3  -1   0  -1  -1  -1   1   1   0   2    5   3   2   2   1   2   7   2   1   7  25   4   2   2   4   5   7   2   4  14  0.27 0.20
   88 D     0  -1   1   4  -3   1   4  -2   0  -6  -4   0  -4  -4  -2   0  -2  -3  -5  -5    7   4   5  20   1   6  26   3   2   1   2   6   1   1   3   8   3   1   1   1  0.64 0.46
   89 L    -1  -2  -2  -5   4  -2  -2  -4  -3   4   2  -1   3  -3  -4  -2   0  -2  -4   3    6   2   2   1   6   2   3   1   1  18  16   4   5   1   1   3   6   1   1  18  0.52 0.31
   90 A     1  -7  -9  -5   1  -5  -5  -7  -9   2   2  -6  -1  -5  -6  -4  -1  -3  -6   6   12   0   0   1   3   1   1   1   0   9  18   1   2   1   1   2   3   0   0  44  1.20 0.66
   91 L    -2   3  -3   0   0   2   2  -3   0  -2  -2   4  -1  -5  -5   0  -1  -8  -3   0    4  12   2   5   2   9  12   2   2   2   5  23   2   1   1   6   4   0   1   6  0.45 0.34
   92 E    -1  -1  -3  -2  -1   1   1  -6   0  -1   2   0   2   2  -4  -2  -2  -1   3   0    5   4   1   2   2   7  10   1   2   4  19   6   4   7   1   4   3   1  10   7  0.27 0.22
   93 L    -3  -6 -10 -10  -1  -9  -7  -8  -5   0   6  -4   1   0  -7  -5  -7  -4  -3  -2    3   1   0   0   2   0   1   1   0   6  72   1   3   4   0   1   0   0   1   3  1.78 0.91
   94 I    -3  -4  -5  -7   0  -4  -7  -7  -4   3   5  -7   2  -2 -10  -4  -3  -3  -3   2    2   1   1   0   2   1   1   1   0  15  49   1   4   2   0   2   2   0   1  13  1.21 0.65
   95 H    -1   1   1   2  -3   2   3  -4   2  -3  -1   0  -1  -4  -7   2  -2  -2  -2  -4    6   7   7  12   1   8  19   2   4   2   6   6   2   1   0  13   3   1   2   2  0.40 0.33
   96 R     2   2   2  -2  -1   1   0  -2   3  -3  -1   1   0  -2  -3   1  -3  -3   1  -3   13  12   9   2   1   6   7   3   6   2   6   9   2   2   1   8   2   0   5   2  0.26 0.22
   97 Q    -3   0   1   0   1   1  -1   5   2  -3  -4   2  -2  -4  -3  -2  -5  -7  -1  -5    3   6   7   5   3   6   4  37   4   2   2  10   1   1   2   3   1   0   2   1  0.70 0.45
   98 P     4  -2   0   0   2  -3  -2   3   0  -2  -3   0  -3  -2   1  -1  -2  -7  -3  -1   28   2   4   5   3   1   3  18   2   3   3   5   1   2   7   4   3   0   1   5  0.42 0.32
   99 A     3  -2   3   3   1  -1  -1  -3  -2  -2  -3   0  -4  -3  -2   2  -2  -3  -2  -1   19   2  11  17   3   2   4   2   1   3   3   5   1   1   3  13   2   1   1   5  0.40 0.32
  100 L    -2  -3   2   2  -1   0  -1  -3  -1   2   1  -2   0  -1   0  -1  -2  -6  -3   3    3   2   9  12   1   4   4   2   2  12  12   3   2   3   5   6   3   0   1  17  0.28 0.20
  101 S    -1  -2   2   1  -2  -2  -1  -2   0   1   0  -2  -1  -1   3   0   0  -2  -3   2    5   3   9   7   1   2   5   3   2   9   8   2   2   2  12   8   5   1   1  13  0.19 0.16
  102 E     0  -1   5   3   0  -1   1  -4   0  -2  -2  -3  -2   0  -2  -1  -1  -1  -1  -3    8   4  25  17   2   3   8   2   2   3   4   2   1   4   2   5   4   1   2   3  0.53 0.37
  103 S     1   0   0  -1   1   1  -1  -1   1   1  -1   0  -1  -2   0   1   0  -1  -1   0   11   6   4   4   3   6   4   4   3   8   7   6   1   2   5  10   5   1   3   8  0.05 0.06
  104 C    -1   3   0   0   3   1  -1  -2   0  -2  -1   1   0  -2  -1   0   1  -2  -1   0    4  14   5   5   6   6   4   4   2   3   7   8   2   2   4   6   9   1   3   6  0.15 0.14
  105 N    -4  -2   5   6   0  -4  -2  -1  -2  -4  -4  -2  -3  -3  -1  -2   0  -8  -4  -2    2   3  20  35   2   1   3   6   1   1   2   3   1   2   4   4   7   0   1   3  0.93 0.59
  106 A    -1   2   1   1  -2  -1   2  -1   0  -1  -2   1   0  -1   0   0  -1   0   0  -2    5  10   7   8   1   3  13   5   2   3   4   9   2   3   4   8   5   1   3   3  0.13 0.13
  107 R    -2   1   2   2  -1   0   1  -1   1  -3  -1   1  -1  -1  -2   0   0   0   1  -2    4   7   9  12   1   4   9   4   3   2   6   9   2   3   2   6   6   2   5   3  0.15 0.14
  108 D    -3   0  -1   2  -1  -1   0   5  -1  -2  -3  -2  -1  -2  -2  -2  -3  -1  -2  -2    2   5   3  12   1   3   7  39   2   2   4   3   2   2   2   3   2   1   2   3  0.65 0.42
  109 E    -1   3   1   0  -1   2   2  -2   0  -1  -2   0   1  -1  -3   0  -2   4   1  -2    5  14   6   5   2   7  13   4   2   3   5   5   3   2   2   6   3   5   4   4  0.22 0.20
  110 S    -2  -1  -1   0   1  -1  -2  -1   1  -2  -3   0   0  -1  -2   1   5  -7   0  -2    4   4   3   5   3   3   3   5   3   3   3   5   3   3   3  10  29   0   3   3  0.38 0.35
  111 P     2  -1  -2  -2   3  -1  -2  -2   0   0  -2   0   0  -1   5  -1  -2   2  -1  -1   15   3   3   3   5   3   3   3   2   5   4   5   3   3  23   5   3   3   3   5  0.38 0.31
  112 M    -3  -8  -7  -5  -5  -8  -6  -7  -4   1   6  -5   1   0  -5  -4  -4  -2  -5   0    2   0   0   1   0   0   1   1   1   7  66   1   3   4   1   2   1   1   1   6  1.54 0.77
  113 F    -3  -2  -4  -4  -1  -1  -4  -6   9   0  -1  -3   4   2  -6  -4  -3  -2   1  -2    2   2   1   2   2   3   1   1  44   5   7   2   8   7   1   2   2   1   4   3  1.64 0.81
  114 I    -1   1  -2  -2  -1   0   0  -6   0   1   2  -2   0   1  -5  -2  -3   5   3   0    6   6   2   3   2   4   6   1   2   8  21   3   2   5   1   3   2   8  10   6  0.40 0.26
  115 A     7  -9  -4  -6   0  -5  -6  -7  -3  -5  -3  -6  -3  -4  -8   0  -3  -9  -5  -3   75   0   1   1   2   1   1   1   1   1   4   1   1   1   0   6   2   0   1   2  1.96 1.04
  116 V     5  -4  -5  -9   6  -8  -6  -6  -9   1  -4  -6  -1  -6  -8   1  -2  -9  -2   3   39   1   1   0  14   0   1   1   0   8   3   1   1   1   0   9   3   0   1  18  1.23 0.69
  117 L     1   2  -1  -2   2   1   1  -3   0   0   0   1   1  -1  -6   0  -1   3   1  -3   12   9   3   2   3   6   8   2   2   6   9   8   4   3   0   8   4   3   4   2  0.17 0.16
  118 K    -1   2   2  -1   1   2   1  -1   3  -4  -2   2  -2   0  -5   0   0  -1   1  -3    5  10   9   3   3   7   8   5   5   1   4  10   1   4   0   8   6   1   5   2  0.25 0.21
  119 G    -1  -2   3   0  -2  -3  -2   6  -2  -6  -6  -1  -4  -7  -4  -3  -4  -9  -9  -7    5   3  11   5   1   1   3  56   1   1   1   4   1   0   1   3   1   0   0   1  1.34 0.76
  120 F    -4   1   4   3  -3   1  -1  -6   6  -2  -3  -1  -2   0  -5  -1  -4  -2   2  -3    2   6  16  15   1   6   4   1  17   2   3   4   1   4   1   5   1   1   7   2  0.75 0.47
  121 R     0   0  -2  -2  -1   0  -1  -3  -1   1   2   0  -1  -1   0  -1   1  -2   0   2    8   6   2   3   1   3   5   2   1   8  19   5   1   3   4   5   8   1   3  12  0.13 0.11
  122 S    -1   0   0   4   0   1   3  -2  -3  -3  -3   0  -3  -2  -2   1  -1   0  -1  -4    6   4   4  19   2   6  18   4   1   2   3   6   1   2   3   9   4   1   3   2  0.36 0.30
  123 I     0  -3  -5  -1   4  -1  -2  -3  -4   4   1  -3   3  -3  -3  -3   0  -1  -5   3    7   2   1   4   8   3   3   2   0  21  12   2   6   1   2   2   5   1   0  17  0.55 0.32
  124 Y     0  -3  -4  -4  -1  -5  -5  -4  -1   1   3  -2  -2  -1  -5  -4  -2  -3  -4   5    9   2   1   1   2   1   1   2   2   6  25   3   1   3   1   1   3   1   1  37  0.89 0.51
  125 M    -3   3   0   0  -2   2   3  -6   0  -1  -1   4   0  -4  -4  -1  -1  -3  -3  -3    3  12   4   4   1  10  15   1   2   4   7  20   2   1   1   6   4   0   1   2  0.45 0.34
  126 E    -1  -1  -3  -1  -2  -1   2  -3   0   0   3  -1   0   1  -3  -3  -1   2   3   0    5   3   1   4   1   3  11   2   2   6  22   5   2   6   1   2   3   2  10   6  0.27 0.20
  127 L    -4  -6 -10  -6  -1  -4  -4 -10  -5   1   6 -10   0   0 -10 -10  -5  -1  -4  -2    2   1   0   1   1   1   2   0   0   7  72   0   2   4   0   0   1   1   1   3  1.81 0.92
  128 L    -4  -4  -5  -7  -1  -1  -3  -6  -1   3   5  -5   1  -2  -6  -3  -5  -3  -3   2    2   1   1   1   1   3   2   1   2  14  50   1   3   2   1   2   1   0   1  10  1.09 0.58
  129 R    -1   2   0   2  -6   3   3  -2   1  -3  -2   2  -3  -4  -3   0  -1  -6  -3  -3    5  12   4   9   0  11  17   3   3   1   4  14   1   1   1   7   3   0   1   2  0.41 0.35
  130 N     0   0   3  -1  -1   1  -2   2   4  -4  -2   2  -3  -1  -3   0  -1  -2   2  -3    7   4  14   3   1   7   2  14   9   1   4  10   1   3   1   7   3   1   7   2  0.32 0.28
  131 E     2  -2  -1  -1   0  -2   0   5  -1  -3  -3  -1  -1  -2  -3  -1  -2  -7  -2  -3   17   2   3   4   2   2   5  38   1   2   4   3   2   2   2   5   2   0   2   2  0.57 0.41
  132 R     3  -1   1   3   0  -1  -2  -1   0  -1  -3  -1   0  -4   0   0  -2   0  -2  -1   24   4   6  18   2   3   2   6   2   3   3   4   2   1   4   7   2   1   2   5  0.31 0.29
  133 S    -1  -1   1   2  -2  -3  -3  -2  -2   1  -1  -1  -2  -3   2   1  -1  -1  -2   2    6   3   8  14   1   1   1   3   1   8   7   4   1   1   9  11   4   1   1  15  0.21 0.22
  134 E    -2  -1   5   3  -6  -2   0  -4   0   0  -2  -3   0  -1   1  -1  -1  -7  -3   0    4   4  27  14   0   2   7   2   2   6   4   1   3   2   6   4   4   0   1   7  0.50 0.39
  135 Y     1   0   1   0  -1   1   0  -2   2   1   1   0   0   0  -2  -1   0  -4   0   0   11   5   6   6   1   6   7   2   6   7  12   4   2   4   2   4   5   0   3   8  0.05 0.08
  136 G     0   2   0   0   1   2  -1  -2  -1  -1  -2   1  -1  -3   0   1   0  -5  -1   0    9  12   4   5   3  11   4   3   1   3   4   9   1   1   4  10   6   0   2   7  0.16 0.18
  137 G    -2  -3   3   6   1  -1  -1  -1  -1  -5  -4  -2  -4  -4  -3   0   0  -8  -4  -5    4   2  12  41   3   3   3   6   2   1   2   2   1   1   1   7   6   0   1   1  0.92 0.60
  138 A     0   1   2   1  -1   0   1  -1   1  -1  -2   1  -2   0   0   1   0  -2   1  -1    7   7   8   7   1   4  11   4   3   3   3   9   1   5   4  10   4   1   4   4  0.11 0.13
  139 R    -1   1   2   2  -1   2   1  -1   1  -2  -2   1  -2  -2  -2   0   0   0   1  -3    4   6   9  13   1   8  11   5   4   2   5   9   1   2   2   6   5   1   4   2  0.20 0.19
  140 G    -4  -2  -1  -2  -1  -1  -3   6  -1  -1  -4  -1  -3  -3  -3  -1  -3  -7  -2  -4    1   2   3   3   1   3   2  60   2   4   2   4   1   1   1   4   2   0   1   1  1.23 0.70
  141 Y    -1   3   1  -1   1   2   1  -4   2  -2  -1   1   1   1  -3  -2  -2   5   1  -2    4  14   8   4   3   7   9   1   4   3   6   7   4   5   2   3   2   7   5   2  0.31 0.24
  142 N    -5  -3   1  -1  -1  -3  -5  -5   1  -3  -4  -3  -1  -3  -4   1   7  -4  -1  -3    1   2   6   4   2   1   1   1   3   2   3   2   2   1   2  11  53   0   2   2  1.32 0.77
  143 A     4  -5  -6  -9   2  -5  -8  -5  -4  -2  -2  -5  -8  -5   7  -2  -4  -9  -5  -2   27   1   1   0   4   1   0   1   1   3   5   1   0   1  45   4   2   0   1   3  1.53 0.87
  144 L    -4  -9 -10 -10  -9  -5  -7  -7 -10   1   7  -7   0   0 -10  -5  -6  -1  -3  -2    2   0   0   0   0   1   1   1   0   6  76   1   2   3   0   2   1   1   1   3  1.93 0.93
  145 H    -5  -5  -3   0  -3   0  -3  -5  10   0  -3  -4   4  -3  -6  -3  -2   0   1  -5    1   1   1   5   1   4   3   2  50   5   3   1   8   1   1   3   3   1   5   1  1.92 0.91
  146 A    -2   0  -2  -3   0   0  -1  -4   0   1   2   0   1  -1  -4  -2  -2   5   4   1    3   5   2   1   2   4   5   1   2   8  21   5   3   2   1   3   3   7  11   9  0.39 0.24
  147 A     7  -7  -4  -4   2  -5  -5  -3  -7  -3  -2  -5  -3  -3  -5  -1  -4  -8  -4  -3   71   0   1   1   4   1   1   2   0   2   4   1   1   1   1   6   1   0   1   2  1.68 0.93
  148 V     4  -3  -4  -5   6  -4  -2  -4  -2   0  -2  -4  -2  -7  -7   0  -1  -7  -2   3   33   2   1   1  17   1   2   1   1   6   5   1   1   0   0   6   4   0   2  17  0.88 0.55
  149 K     1   2   0  -2   0   2   1  -3  -1  -1  -1   2   1   0  -3   1  -2   1   0  -2   11  12   3   2   2   8   8   2   1   5   5  12   3   3   1  11   2   2   3   3  0.18 0.19
  150 Y     0   1   3  -1   2   0   0  -1   2  -2  -2   0  -1  -1  -3   0   0   1   2  -1    7   8  13   4   4   4   5   4   5   2   5   6   2   3   1   8   5   2   8   4  0.15 0.15
  151 G    -1  -2   2  -1  -1  -2  -3   6  -2  -4  -6   0  -3  -7  -2  -2  -4  -2  -4  -5    5   3   9   3   1   2   2  56   1   2   1   6   1   0   3   3   1   1   1   1  1.17 0.65
  152 N    -3   0   5   3  -1   1  -2  -4   7  -4  -4   1  -6  -2  -5  -1  -3  -2   0  -4    3   4  22  14   1   6   3   1  20   1   2   7   0   2   1   5   1   1   4   1  0.87 0.54
  153 Q     0  -2  -1  -1   0  -1   0  -4   1   1   2  -1   0  -1   1  -1   1   0   0   1    7   2   3   3   2   2   8   1   3   8  20   3   2   2   7   5   7   1   3   9  0.12 0.13
  154 D     0  -1   0   4  -3   1   4  -1  -1  -5  -4   1  -4  -4  -1   0  -2  -8  -4  -3    8   3   4  19   1   5  28   5   1   1   2   8   1   1   4   6   2   0   1   2  0.58 0.44
  155 F     0  -2  -4  -4   5  -2  -1  -3  -3   4   0  -3   3  -2  -3  -2   0  -2  -4   3    7   2   1   1  13   2   5   2   1  18  10   2   7   2   2   3   6   1   1  17  0.52 0.33
  156 V     1  -3  -7  -1   0  -3  -3  -4  -8   2   2  -3   1  -2  -1  -2  -2  -8  -7   5   13   2   0   3   2   2   2   2   0  10  16   2   3   2   4   4   3   0   0  31  0.63 0.35
  157 E    -2   3  -2   0  -1   2   3  -4  -1  -3  -3   4   2  -3  -3  -1  -2   0  -2  -3    4  15   2   6   2   9  15   2   1   2   4  19   4   2   2   5   3   1   1   2  0.47 0.32
  158 Q    -2  -1  -2   0   1  -1   1  -4   0   0   2   0   3   1  -3  -1  -1   1   2   1    4   3   2   5   3   3   8   2   2   4  18   6   6   6   2   4   4   2   6  10  0.17 0.12
  159 L    -4  -3  -8  -9   0  -2  -8  -4  -1  -1   6  -8   2  -1  -8  -4  -3   1  -2  -2    2   2   0   0   2   3   0   2   2   4  65   0   4   3   0   2   2   2   2   3  1.47 0.70
  160 V    -3  -4  -9  -4  -1  -3  -5  -7  -3   3   5  -5   1  -3  -9  -6  -4  -2  -3   2    3   1   0   2   1   2   1   1   1  14  53   1   3   1   0   1   2   1   1  11  1.24 0.64
  161 E     0   0   0   2  -2   3   3  -3   1  -4  -3   2  -2  -3  -4   1  -1  -1  -2  -5    7   6   4  12   1  11  19   2   3   1   3  10   1   1   1  10   4   1   1   1  0.41 0.32
  162 Q     0   1   1  -3   2   2   0  -3   5  -2  -1   2  -1   0  -3  -1  -2  -1   2  -2    8   7   6   2   4   8   6   2  11   3   6  13   1   4   2   5   3   1   7   3  0.31 0.22
  163 H     0  -1   2   0  -2   0  -1   4   0  -2  -1  -1   0  -1  -2  -1  -2  -2  -2  -2    7   3   8   5   1   4   4  33   3   3   6   4   2   2   3   4   2   1   2   3  0.40 0.26
  164 P     4  -2  -3  -2  -1  -1   0  -2  -1  -1  -1  -1  -3  -3   2   0  -1  -1  -2   0   30   3   2   2   1   2   6   4   2   4   7   4   1   1  11   7   4   1   1   6  0.37 0.27
  165 E    -1  -1   3   4  -1   0   2  -2   2  -2  -3   0  -3  -3  -1   0  -1  -6  -2  -2    5   3  12  22   1   4  11   4   4   3   3   6   1   1   4   8   4   0   2   3  0.40 0.28
  166 K     0   0   0   0   0   0   0  -1   0   0   0   1  -1  -1   2   0  -1   1  -1   1    8   4   4   4   2   4   5   5   3   6   9   8   1   3  10   6   3   2   2   9  0.05 0.04
  167 A     0  -1   2   0   1   0   0   2  -1  -1  -1   0  -1  -2  -1   0   0  -1  -1   0    8   4   8   6   3   3   7  15   1   4   6   5   2   2   4   8   5   1   3   6  0.07 0.06
  168 K     1   1   0   1   1   0   0   0  -1   0   0   1  -1  -1   0  -1  -1  -3  -1   0   12   7   4   8   3   3   5   7   2   7   8   8   1   3   5   4   4   0   2   5  0.04 0.03
  169 E     0   1   1   2   1   0   1  -1   0  -1  -1   1  -2  -1  -1  -1  -1  -3  -1   0    7   9   7  11   3   4  10   4   2   4   7   7   1   3   4   5   4   0   2   6  0.10 0.07
  170 L    -1  -1   1   1   0   0  -1  -2  -1   1   1  -1  -1   0   0   0   0  -3   0   2    5   3   7   8   2   4   4   4   2   6  15   3   2   3   5   6   5   0   3  12  0.07 0.06
  171 A     0  -2   1  -1   1  -3  -1  -2  -2   2   0  -3  -1   0   0   0  -1   1  -1   3    7   3   7   3   3   1   5   3   1  11  10   2   2   4   5   7   4   2   2  18  0.17 0.11
  172 R    -1   1   5   2   0   0  -1  -2   1  -1  -2   0  -1  -1  -2  -1  -1   1   0  -2    5   7  22  12   2   4   4   3   4   4   5   5   2   3   3   5   5   2   3   3  0.34 0.25
  173 Q     1   0   1   0   0   0   0  -1   0   0   0   0   0  -1   0   0   0   1   1   0   10   5   6   5   3   4   4   4   3   5   7   5   2   3   4   7   7   2   6   7  0.02 0.03
  174 A     0   0  -1   0   1   0   0  -1  -1   0  -1   0   0   0   0   0   0   0   0   0    6   6   3   6   4   5   6   5   2   7   6   5   3   5   6   7   6   1   4   6  0.02 0.02
  175 D    -1   0   0   0   2   0   0  -1   2   0  -1   0   2   1   0  -1   0   4   1  -1    5   5   5   5   5   5   5   5   5   5   5   5   5   5   5   5   5   5   5   5  0.09 0.08
  176 T     0   1   2   0   1   0   1  -1   0  -1  -2   2   0  -1  -1   1   0   0  -2  -2    7   7   8   6   2   4  10   6   2   3   4  11   2   2   4  12   5   2   2   2  0.13 0.13
  177 Q    -2  -1   2   3  -2   2   1  -1   1  -2  -1   1  -1   0  -1   0  -1   1   0  -1    3   3   9  13   1   8  10   5   3   2   5   8   1   4   3   6   4   2   4   5  0.17 0.15
  178 H    -3  -1   1  -2  -3  -1  -2   6   1  -4  -2   0  -2  -3  -1  -2  -2  -1  -2  -4    2   4   7   3   1   3   3  45   3   1   4   7   1   1   3   4   3   1   2   2  0.79 0.48
  179 D    -2   2   2   1  -1   1   2  -2   1  -1  -2   1  -1   0  -4   0  -2   4   0  -2    4  11   8   7   1   7  11   3   3   4   5   7   2   4   1   6   3   5   4   3  0.21 0.18
  180 T    -3  -2   0  -5  -1  -3  -4  -3  -1  -4  -4  -1   0  -3  -3   2   7  -8   0  -3    3   3   5   1   1   2   1   2   2   1   2   4   2   2   2  13  49   0   3   2  1.14 0.73
  181 P     4  -5  -4  -4   2  -3  -5  -4  -3  -2  -1  -5  -1  -4   6  -2  -5  -8  -4  -2   27   1   1   2   4   1   1   2   1   3   6   1   2   1  39   3   1   0   1   3  1.21 0.75
  182 V    -4  -5  -9  -9  -2  -9  -5  -5  -1   2   6  -9   0   0  -9  -5  -4   0  -3  -1    2   1   0   0   1   0   1   1   1  10  64   0   2   4   0   1   1   2   1   5  1.54 0.78
  183 Q    -3  -1  -2   1   2   0  -2  -6   9   1  -2  -3   3  -1  -5  -3  -3   0   1  -3    2   4   2   8   4   4   3   1  38   7   4   2   5   2   1   3   2   1   4   2  1.30 0.69
  184 L    -1  -1  -3  -2   2  -1  -1  -4   1   1   2  -1   1   0  -4  -3   0   6   3   1    5   3   2   3   4   3   5   2   3   6  17   4   3   3   1   2   6  10   8  10  0.35 0.23
  185 A     7  -8  -8  -7   1  -6  -7  -5  -6  -7  -4  -8  -8  -4  -6  -1  -5  -9  -5  -5   82   0   0   0   3   0   1   1   0   0   3   0   0   1   0   5   1   0   1   1  2.25 1.16
  186 A     5  -4  -6  -6   6  -4  -8  -6  -8   1  -3  -4   0  -8  -8   1  -2  -3  -2   2   37   1   0   0  14   1   0   1   0   8   3   1   3   0   0  10   3   1   1  14  1.08 0.64
  187 H     1   1  -2   0  -2   2   1  -1   1   1  -1   0   1  -1  -5   1  -1   1   1  -1   10   9   2   4   1   8   9   4   3   7   7   6   4   2   0  12   3   2   4   3  0.13 0.15
  188 F     0   0   3  -1   2   1   0   0   3  -3  -1   1   0   0  -4  -1  -1  -2   2  -3    7   6  14   3   4   7   5   6   7   1   5   7   2   5   1   5   4   1   7   2  0.24 0.21
  189 N    -3   0   3   0  -1  -1  -4   6  -4  -9  -7  -2  -9  -5  -7  -1  -6  -9  -9  -9    2   5  11   6   1   3   2  59   0   0   1   3   0   1   0   4   1   0   0   0  1.50 0.83
  190 R    -4   1   4   1   0   1  -2  -6   7  -5  -4   1  -4  -2  -5   0  -4  -5   2  -4    2   8  17   9   2   6   2   1  25   1   2   7   0   2   1   8   1   0   5   1  0.98 0.60
  191 D    -1  -1  -3   0  -3   0   0  -4  -1   1   2  -1   0   1   0  -1   0  -3   1   1    4   4   1   5   0   4   7   1   1   9  21   4   2   5   6   4   6   0   5  11  0.17 0.16
  192 T     0   0   0   3  -3   0   4  -1   0  -4  -4   0  -3  -7  -1   0  -2  -4  -5  -2    7   4   5  15   1   4  29   5   2   1   2   6   1   0   3   8   3   0   0   3  0.54 0.42
  193 I    -1  -3  -4  -4   6  -5  -4  -5  -8   4   1  -4   3  -4  -4  -1   0  -8  -4   4    6   2   1   1  13   0   1   1   0  21  11   1   6   1   1   6   6   0   1  21  0.82 0.47
  194 L     2  -6  -7  -9   3  -6  -5  -6  -8   2   2  -6   1  -3  -6  -4  -2  -8  -6   5   15   0   0   0   5   0   1   1   0  11  16   0   3   1   1   1   3   0   0  39  1.09 0.61
  195 T    -2   2   0  -1  -2   2   3  -2   1  -3  -3   4  -4  -8  -5   0  -2  -3  -4  -5    4  11   5   3   1  10  19   3   3   2   4  23   0   0   1   6   2   0   1   1  0.61 0.45
  196 L     0  -2  -4  -4  -5  -1  -1  -6  -1   0   4  -1   2   2  -6  -3  -2   0   4   0    7   3   1   1   0   3   4   1   2   6  32   4   5   8   0   2   3   1  11   6  0.50 0.34
  197 M    -6  -7 -11 -11  -4  -6  -6 -11  -6   0   7 -10   0  -1 -11  -7  -7  -2  -5  -4    1   0   0   0   0   0   1   0   0   6  83   0   2   2   0   1   0   1   1   1  2.22 1.11
  198 L    -4  -3  -9  -6   0  -3  -5  -9  -6   3   5  -5   1  -3  -9  -6  -4  -4  -3   3    2   2   0   1   2   1   1   0   0  15  51   1   3   1   0   1   1   0   1  17  1.26 0.68
  199 R     0   1   1   2  -1   1   4  -3   0  -3  -3   2  -3  -5  -2   1  -2  -1  -1  -4    7   6   6   9   1   7  22   2   2   2   3  10   1   0   2  12   3   1   2   1  0.38 0.33
  200 G     1   2   1  -3  -2   1  -1  -2   4  -2  -1   1  -1  -1  -5   1  -2   0   3  -2   13  10   7   2   1   5   4   3   8   2   6  10   1   3   0   9   3   1   8   3  0.24 0.22
  201 D    -2  -2   1   1  -4  -3  -2   6   3  -4  -4  -1  -3  -4  -5  -2  -5  -5  -4  -6    3   2   5   8   0   1   4  55   5   2   2   4   1   1   1   4   1   0   1   1  1.21 0.69
  202 R     6  -2  -3  -4   1  -1  -4  -1  -2  -3  -4  -2  -5  -3   1   0  -1  -5  -1  -1   50   3   1   1   3   3   2   5   1   2   2   3   0   1   6   6   4   0   2   4  0.87 0.58
  203 S    -3  -2   5   4  -2  -1   0   0  -1  -4  -5   0  -4  -5   0   2  -2  -7  -6  -5    3   2  21  23   1   3   7   8   2   1   1   5   0   1   4  13   3   0   0   1  0.70 0.48
  204 L     0  -3  -3  -3   0  -2  -3  -3  -4   4   1  -3   0  -2   2  -2  -2  -6  -2   4    7   2   1   1   2   2   2   3   1  18  13   2   2   2  11   3   2   0   1  26  0.52 0.35
  205 G    -2  -2   6   4  -3  -2   0  -2   0  -3  -2  -2  -3  -1  -3   0  -2  -6  -1  -3    4   3  33  18   1   2   6   4   3   2   4   2   1   3   2   7   3   0   2   2  0.72 0.46
  206 Y     2  -3  -2  -2  -1  -2  -2  -3   1   2   1  -2   1   0   1  -1  -1  -1  -1   2   20   1   2   3   2   2   3   2   3  13  12   2   3   3   6   5   3   1   3  12  0.21 0.18
  207 R    -1   3   3   0  -5   1   1  -3   1  -3  -3   2  -2  -2   0   0  -1  -5  -2  -1    4  15  15   6   0   7   8   2   4   2   2  11   1   2   4   7   4   0   1   5  0.32 0.25
  208 V     1   0   1   1   3   0   0  -1  -1   0  -1   0  -1  -2  -1   0   0  -2  -1   1   12   4   8   7   7   5   6   5   2   5   5   5   2   2   2   6   6   1   2   9  0.08 0.08
  209 H    -1   1   2   2  -2   0   0   0   0  -2  -1   1  -1  -3   0   0   0  -3  -2  -2    5   9  10  14   1   4   6   7   3   2   6   8   2   1   5   7   6   0   1   3  0.15 0.14
  210 T    -2  -1   3   5  -4  -1   0  -1   0  -4  -2  -1  -3  -3   0   1   0  -6   0  -4    4   4  11  30   0   2   5   6   2   1   4   4   1   1   5  10   5   0   3   2  0.53 0.38
  211 E    -1   2   1   2  -2   1   2  -1  -1  -1  -1   1  -1  -1  -2   1  -2  -2  -1  -2    6   9   7  10   1   6  13   4   1   4   6   9   1   2   2   9   2   1   2   3  0.14 0.14
  212 H    -1   0   3   1   1   1   1   2   2  -2  -2   0  -3   0  -3   0  -2  -2   1  -2    4   6  12   8   4   6   8  13   5   2   4   5   1   4   1   6   3   1   5   3  0.19 0.17
  213 S    -1  -1  -1  -1  -2  -2  -1   6   0  -4  -2  -1  -3  -2  -3  -1  -1   0  -2  -4    4   4   3   3   1   2   4  50   2   1   5   4   1   2   1   4   4   1   2   1  0.84 0.49
  214 T    -1   1   1   0   0   1   1  -2   1  -2  -1   0   1   0  -3   0   2   3   1  -1    6   8   6   5   2   5   8   3   3   3   5   5   3   4   1   5  13   5   5   4  0.13 0.14
  215 P    -2  -4  -1  -4  -1  -5  -4  -3  -2  -4  -2  -2  -2  -2   2   2   6  -7  -5  -3    4   1   3   1   1   1   2   2   1   1   4   2   1   2  10  13  48   0   1   2  1.11 0.71
  216 L     4  -6  -5  -3   1  -4  -4  -5  -7  -1   2  -5  -2  -4   6  -2  -4  -8  -5  -2   27   1   1   2   3   1   1   1   0   3  16   1   1   1  34   3   1   0   1   3  1.09 0.70
  217 L    -5  -4  -7  -5  -3  -5  -6  -5  -1   3   6  -8   2  -2  -7  -5  -4  -2  -3  -1    1   1   0   1   1   1   1   1   2  12  65   0   4   2   0   1   1   1   1   4  1.49 0.79
  218 Y    -3  -1  -4  -2  -1  -2  -2  -7   9   0  -2  -4   3   1  -8  -2  -4  -1   2  -5    2   4   1   3   1   2   3   1  48   5   5   2   6   5   0   4   2   1   5   1  1.69 0.87
  219 I    -1  -1  -3  -1   0  -1   0  -4   0   2   2  -2   0   1  -6  -1  -1   5   2   0    5   4   1   4   2   3   7   1   2  10  23   3   2   5   0   5   3   8   7   7  0.32 0.25
  220 A     7  -6  -6  -7   0  -6  -5  -4  -9  -5  -4  -6  -4  -6  -8  -1  -3  -9  -9  -2   79   0   1   0   2   0   1   2   0   1   2   1   1   1   0   5   2   0   0   3  2.05 1.12
  221 A     5  -4  -7  -5   6  -5  -3  -5  -5   1  -4  -4  -3  -5  -7   1  -2  -4  -5   2   41   1   0   1  14   0   2   1   0   8   2   1   1   1   0   9   3   0   1  14  1.10 0.68
  222 N     0   3   0  -2   1   1   0  -2  -1  -1  -1   1   1   0  -3   0  -1   0   2  -2    8  15   4   2   3   7   6   3   1   3   6  10   4   5   1   9   3   1   6   2  0.19 0.19
  223 R    -1   2   3  -1   0   0   1   0   2  -5  -3   2   0  -3  -4   0   0  -2   1  -3    5  10  14   3   2   4  11   6   5   0   3  12   2   1   1   8   5   1   5   2  0.30 0.26
  224 G    -4  -3   3  -2  -2  -3  -1   7  -3  -6  -7  -3  -4  -7  -4  -3  -7 -10  -4  -5    2   2  13   3   1   2   4  63   1   1   1   2   1   0   1   3   0   0   1   1  1.61 0.89
  225 H    -4   0   3   2   0   1  -2  -6   8  -8  -2  -1  -2  -1  -6   0  -6  -2   3  -6    2   4  13  11   2   7   3   1  27   0   4   5   1   3   1   6   0   1   8   0  1.04 0.62
  226 V    -1  -1  -3  -3  -4  -3   0  -5   0   1   2  -1   1   0   0   0   1  -1   1   2    6   3   1   1   0   1   6   1   2   8  22   5   3   4   5   7   7   1   4  13  0.22 0.20
  227 A    -2   0   0   4  -1   1   4  -2   1  -4  -3   0  -3  -5  -2   0  -2  -1  -2  -3    4   4   5  20   1   6  25   3   3   1   4   5   1   0   3   6   3   1   1   2  0.51 0.40
  228 F     0  -3  -5  -5   5  -5  -7  -4  -2   4   1  -4   3  -2  -4  -2   1  -4  -5   3    9   1   1   1  10   0   0   2   1  22  11   1   6   2   1   3   7   0   0  20  0.74 0.44
  229 A     1  -9  -9  -9   1  -6  -5  -5  -9   2   2  -7  -1  -1  -7  -4  -2  -9  -8   6   12   0   0   0   3   0   1   1   0  10  20   0   1   3   0   2   3   0   0  44  1.20 0.67
  230 R    -2   3  -1  -1  -4   3   2  -5  -1  -5  -3   5  -2  -8  -5  -1  -2  -3  -3  -4    4  15   3   4   1  13  14   1   2   1   3  26   1   0   1   6   3   0   1   2  0.72 0.51
  231 A    -1  -1  -4  -4  -1  -2  -1  -3   0   1   3   0   1   2  -4  -2  -2   0   4   0    6   4   1   1   2   2   5   2   2   7  27   6   3   9   1   3   3   1  11   6  0.35 0.25
  232 L    -6  -6 -10  -7  -3  -5  -7  -7  -5   0   7  -9  -2   1  -6  -6  -5   1  -4  -4    1   1   0   0   1   1   0   1   0   5  77   0   1   5   1   1   1   2   1   1  1.93 0.98
  233 L    -2  -6  -5  -7  -4  -6  -8  -7  -1   3   5  -4   0  -2  -8  -6  -4  -2  -4   2    4   1   1   0   1   1   0   1   2  16  52   2   2   2   0   1   1   1   1  13  1.24 0.67
  234 E     0   0   1   2  -4   3   3  -4   0  -5  -2   2  -4  -2  -3   1  -2  -3  -3  -3    7   6   6  12   0  11  18   2   2   1   4  10   0   2   2  12   3   1   1   3  0.38 0.33
  235 H     1   1   2  -3  -1   1  -1  -4   5  -3  -2   2  -2  -1  -4  -1  -2  -2   3  -2   13   8  10   1   1   6   4   1  14   2   5  11   1   2   1   5   2   1   8   3  0.44 0.33
  236 C    -3  -3   0  -1   0  -4  -3   7  -1  -5  -6  -1  -2  -5  -6  -3  -2  -9  -2  -5    2   2   4   3   2   1   3  65   2   1   1   4   1   1   1   2   3   0   2   1  1.51 0.84
  237 P     6  -6  -4  -4   0  -3  -4  -1  -1  -1  -4  -4  -1  -2  -1   0  -1  -8  -5   1   55   1   1   1   2   2   1   5   1   3   2   1   1   2   4   6   4   0   1   8  1.05 0.66
  238 D    -3  -1   4   7  -2  -1  -1  -4  -1  -3  -5  -1  -4  -6  -4   0  -4  -9  -4  -7    2   4  16  47   1   2   4   2   2   2   2   4   0   1   1   8   1   0   1   0  1.27 0.75
  239 A    -2  -1  -5  -5  -4  -5  -5  -9  -4   4   2  -3   1  -2   3  -4  -1  -3  -4   4    4   4   1   1   0   0   1   0   1  19  15   2   3   2  16   1   3   0   1  27  0.82 0.51
  240 P    -2   0   7   3  -3  -2   0  -2   0  -5  -4  -4  -2  -2  -2  -1  -1  -4  -2  -7    4   5  42  13   1   2   6   4   2   1   3   1   1   2   2   6   4   0   2   0  1.02 0.64
  241 Y     3  -1  -3  -3   1   1  -1  -3   2   2   0  -1   0  -2  -3   0  -1  -4  -1   0   25   4   1   1   3   7   4   2   5  11   9   4   2   2   1   6   4   0   2   7  0.26 0.23
  242 K    -1   4  -2  -3   0   3  -1  -5  -1  -2  -1   3  -2  -4   0  -2   0  -7  -2   1    5  21   2   2   2  13   4   1   1   3   5  15   1   1   5   3   7   0   2   9  0.47 0.37
  243 N    -3  -3   5   7  -2  -5  -1  -2  -4  -5  -6  -2  -3  -5  -6  -1   1 -10  -6  -7    3   2  21  45   1   1   4   3   1   1   1   2   1   1   1   5   9   0   0   0  1.38 0.80
  244 D     0   1   1   2  -1   0   1  -2   1  -1  -3   2  -2  -1  -2   2  -2  -2   1   0    7   7   7  10   1   4   8   3   3   4   3  11   1   3   2  13   2   1   4   6  0.15 0.16
  245 R    -2   0   2   3   0   1   2  -2   3  -3  -2   1   0   0  -5   0  -2   0   0  -4    3   5  10  17   2   6  11   3   7   1   5   7   2   4   1   7   3   1   3   1  0.33 0.27
  246 S    -6  -4   1  -1  -5  -3  -3   7  -2  -6  -4  -1  -2  -3  -6  -2  -6  -3  -4  -7    1   1   6   3   0   1   2  68   1   1   2   4   1   1   1   3   1   0   1   1  1.69 0.89
  247 R    -2   3   2  -1   0   1   1  -2   2  -1  -1   1   0  -1  -5  -2  -3   6   2  -2    4  13  11   4   2   7   8   3   4   4   5   8   3   3   1   3   2   9   5   3  0.34 0.26
  248 T    -2  -3  -1  -6  -4  -4  -6  -6  -8  -2  -2  -5  -5  -6  -5   1   7  -4   0  -5    3   2   4   0   1   1   1   1   0   2   4   1   0   0   1   8  66   0   3   1  1.79 1.02
  249 C     5  -9  -9  -6   2  -8  -8  -4  -3  -3  -3  -6  -8  -7   7  -3  -5  -9  -6  -1   35   0   0   1   4   0   0   2   1   2   3   0   0   0  43   3   1   0   0   5  1.67 0.98
  250 L    -3  -4  -9  -9  -5  -5  -6  -8  -9   2   6  -9   0  -1  -9  -6  -8  -8  -4   0    3   1   0   0   0   1   1   0   0  11  70   0   2   2   0   1   0   0   1   6  1.75 0.89
  251 H    -5  -2  -4   1  -6  -1  -2  -6  10  -2  -2  -3   4  -3  -9  -3  -2  -8   1  -4    1   2   1   7   0   3   3   1  54   3   5   2   7   2   0   2   3   0   4   1  2.05 1.01
  252 E     0  -2  -1  -2  -1  -4  -2  -5   1   2   3  -1   2   0  -5  -3  -2   5   3   1    7   3   3   3   1   0   3   1   3   9  23   4   4   3   0   2   2   8  10   9  0.42 0.29
  253 A     7  -8  -8  -6   0  -8  -8  -4  -3  -3  -3  -8  -8  -8  -8  -2  -4  -9  -8  -3   81   0   0   1   2   0   0   2   1   2   4   0   0   0   0   4   1   0   0   2  2.18 1.13
  254 V     4  -1  -7  -6   5  -4  -3  -4  -8   1  -2  -5  -2  -4  -7   0  -1  -4  -5   4   34   3   0   0  11   1   2   1   0   7   4   1   1   1   0   7   4   0   1  21  0.89 0.55
  255 E     0   2  -1  -1   0   1   2  -2   1   0   0   1   2   0  -4   1  -2  -1   0  -2    8  10   3   4   2   6  13   3   3   5   8   9   5   4   1  10   2   1   3   2  0.14 0.16
  256 Q    -1   2   2  -2   1   1   1  -1   3  -5  -2   2   1  -1  -3   1   0   0   2  -3    6   9   9   2   2   5   9   5   6   0   4  11   3   3   1   9   5   2   7   2  0.22 0.21
  257 D    -4  -1   3   1  -2   0  -2   6  -3  -6  -7  -1  -4  -6  -3  -1  -4  -9  -4  -7    2   4  11   7   1   4   3  53   1   1   1   4   1   1   2   4   1   0   1   0  1.20 0.70
  258 R    -3   2   5  -3  -3   0  -2  -5   8  -6  -4   0  -5  -1  -5   0  -5  -8   1  -5    3   9  22   2   1   4   3   1  28   0   2   6   0   3   1   8   1   0   4   1  1.19 0.69
  259 T     0  -1  -2  -1  -2   0   0  -3   1   1   1   1   0   1   1  -1   1  -3   1   1    7   4   2   3   1   4   7   1   4   7  13   8   2   6   6   4   9   0   5   9  0.08 0.09
  260 E    -2  -1   1   4  -9   0   5  -3   0  -7  -4   1  -2  -6  -3   0  -2  -3  -5  -5    4   3   6  21   0   4  31   3   2   0   2   8   1   0   1   7   3   1   0   1  0.79 0.55
  261 F     0  -4  -3  -7   6  -3  -5  -6  -6   4   1  -5   4  -2  -5  -2  -1  -8  -3   3    8   1   1   0  14   1   1   1   0  22  11   1   9   2   1   4   4   0   1  20  0.88 0.50
  262 V     2  -6  -9  -9   1  -6  -7  -7  -5   3   2  -6   0  -2  -8  -4  -2  -8  -3   5   15   0   0   0   3   0   0   0   0  12  18   0   2   2   0   2   3   0   1  40  1.12 0.63
  263 R    -1   3   0   1  -2   3   3  -4  -1  -5  -3   4  -2  -6  -6   0  -2  -1  -3  -2    5  13   4   6   1  12  15   1   1   1   4  21   1   0   0   7   2   1   1   3  0.53 0.41
  264 F    -2  -4  -5  -6  -3  -4  -2  -7  -1   2   4  -1   3   3  -6  -4  -1   0   3   1    4   1   1   0   1   1   4   0   1   9  34   4   6   9   0   1   4   1  10   8  0.66 0.41
  265 I    -7  -9 -10  -7  -5  -9  -7 -10  -4   0   7  -7   0   0 -10  -8  -7  -9  -4  -4    1   0   0   0   0   0   0   0   0   5  84   0   2   4   0   0   0   0   1   1  2.25 1.10
  266 L    -4  -4  -6  -5   1  -5  -5  -8  -3   4   5  -5   2  -3  -8  -8  -4  -8  -4   2    2   1   1   1   3   1   1   0   1  17  54   1   4   1   0   0   1   0   1  11  1.32 0.69
  267 D     0   1   1   2  -6   2   3  -3   0  -4  -4   2  -2  -4  -3   1  -2  -4  -2  -4    7   6   6  11   0  10  19   2   2   1   2  12   1   1   1  12   3   0   2   1  0.43 0.35
  268 D     1   1   2  -3   1   0  -2  -3   6  -4   0   1  -2   0  -4  -1  -3   3   3  -3   11   8   8   1   3   4   3   2  16   1   9   9   1   4   1   4   1   3   9   2  0.45 0.32
  269 N    -3  -2   1  -1  -2  -1  -3   6  -3  -3  -4   0   0  -2  -5  -3  -4  -6  -5  -3    2   2   7   4   1   3   2  57   1   2   3   5   3   2   1   3   1   0   0   2  1.18 0.64
  270 S     6  -3  -4  -4   2  -2  -3  -1  -2  -2  -3  -2  -2  -2  -2   0  -2  -2  -2  -1   53   2   1   1   4   2   2   4   1   3   3   2   1   2   3   6   3   1   2   5  0.92 0.56
  271 K    -2   0   4   5  -4   0   0  -3  -2  -3  -3   2  -5  -4  -2  -1  -3  -3  -3  -4    4   6  17  31   0   4   6   2   1   2   4  10   0   1   3   4   2   1   1   1  0.72 0.43
  272 L     0  -1  -1  -1   0  -1   0  -1  -1   1   1   0   1   0   1  -1   0  -1   0   1    7   4   3   4   2   3   5   4   2   8  14   6   4   5   8   4   5   1   2  10  0.04 0.03
  273 R    -1   1   2   0   0   0   0   0   0  -2  -1   0  -1  -1   1   0   0  -1   0  -1    5   9   9   5   2   3   7   8   2   2   7   6   1   3   6   8   7   1   3   4  0.07 0.05
  274 K     1   0   0   0   1   0   0   0  -1   0   0   0  -1  -1   0   0   0  -1  -1   0   12   4   3   5   3   5   7   5   2   7   9   5   1   2   5   8   6   1   2   7  0.03 0.02
  275 L     0   0   1   2  -1  -1   0  -1   0   0   1  -1   0   0   0   0   0  -1   0   0    7   4   6  12   2   3   5   4   2   6  14   4   2   4   5   7   5   1   3   5  0.04 0.03
  276 V    -2  -3  -1  -2  -1  -2  -2  -3  -2   3   2  -3  -1  -2   1  -3   0  -2  -2   4    4   2   3   3   1   2   3   2   1  16  16   2   1   2   7   3   6   1   1  26  0.44 0.23
  277 N    -3  -3   6   4  -4  -1  -2  -2   1  -4  -3  -2   0  -3  -3   0  -1  -5  -3  -4    2   1  36  19   1   3   3   4   3   2   3   3   3   1   1   8   4   0   1   1  0.94 0.50
  278 M     2   0  -2  -3   1   0   0  -3   0   2   1  -1   1  -3  -2   0  -1  -3   0   1   18   6   2   1   3   4   7   2   3  13  11   3   4   1   2   7   3   0   3   8  0.19 0.17
  279 V    -1   4  -2  -5  -1   3  -1  -3  -3  -2  -2   2  -2  -2   1  -1   1  -4  -1   1    5  17   2   1   1  12   3   2   1   2   4  14   1   2   6   4  10   0   2  10  0.38 0.31
  280 D    -3  -5   5   7   0  -3  -1  -1  -6  -5  -7  -4  -4  -5  -5  -3   0  -8  -5  -6    2   1  23  45   2   1   5   6   0   1   1   1   1   1   1   2   7   0   0   1  1.44 0.78
  281 D    -1   2   2   1  -1   0   0  -1   2  -2  -3   3  -3  -1  -1   1  -1  -3   2  -3    5   9   9   6   2   4   6   4   5   3   2  18   0   2   4   9   3   0   6   2  0.26 0.22
  282 V    -1  -1   3   3   0   1   1  -2   2  -3  -2   1  -2  -1  -4   1   0   0   1  -2    4   4  11  17   2   5   8   3   4   2   4   8   1   2   1   9   5   1   5   2  0.27 0.23
  283 G    -4  -2   0  -3  -3  -4  -3   7  -2  -8  -4  -2  -6  -2  -6  -3  -6  -4  -5  -5    2   2   4   2   1   1   2  71   1   0   2   3   0   2   1   2   1   0   1   1  1.76 0.89
  284 D    -2   2   3   1   0   1   0  -3   1  -3   0   2   1  -1  -4   0  -3   5   1  -4    3  10  12   7   2   6   6   2   3   2   9  10   3   3   1   6   1   7   4   1  0.31 0.25
  285 T    -5  -4   0  -3  -4  -6  -6  -6  -7  -4  -4  -4  -2  -7  -4   2   7  -8  -5  -4    1   1   5   2   1   0   1   1   0   1   2   1   1   0   1  12  66   0   1   1  1.88 1.02
  286 A     4  -6  -6  -8   1  -8  -7  -6  -8  -2  -5  -6  -8  -6   7  -2  -6  -9  -5  -2   34   1   1   0   3   0   0   1   0   3   1   0   0   1  48   3   1   0   1   3  1.84 1.03
  287 L    -2  -3  -6  -9  -3  -4  -4  -8  -2   0   6  -7   0   0  -9  -3  -6  -2  -3  -1    3   2   1   0   1   1   2   0   1   5  69   0   2   3   0   2   1   1   1   4  1.53 0.80
  288 H    -3  -3  -2   3  -3   0  -1  -6   9  -2  -3  -1   3  -2  -7  -3  -2  -5   0  -4    3   2   2  13   1   4   4   1  42   3   4   4   6   2   0   2   2   0   3   2  1.48 0.78
  289 L    -1  -3  -4  -2   0  -3  -2  -6   1   3   3  -2   1   0  -5  -4  -4   5   4   1    5   2   1   3   2   2   3   1   3  14  25   3   3   3   1   2   1   7  11   8  0.57 0.35
  290 A     7  -7  -9  -7  -1  -7  -7  -6  -6  -4  -5  -7  -6  -3  -4  -1  -4  -9  -5  -2   82   0   0   0   1   0   0   1   0   1   1   0   0   1   1   4   1   0   0   3  2.21 1.17
  291 V     4  -1  -4  -6   3  -3  -2  -4  -4   0  -1  -1   0  -5  -4   1  -1  -3  -2   2   34   3   1   0   6   1   3   1   1   6   6   4   2   0   1   9   4   0   2  15  0.60 0.41
  292 Q     0   2  -2   0   1   2   1  -2   0  -1  -1   1   1  -2  -5   1  -2   0   1  -2    8  11   2   4   3   9  10   3   2   3   6   7   3   2   0  11   3   1   5   3  0.18 0.19
  293 K    -1   1   3  -2   2   1   0   0   2  -4  -1   2  -1  -1  -4   0   0   1   2  -3    6   8  13   2   4   5   7   6   4   1   6  11   2   3   1   6   5   2   6   2  0.22 0.20
  294 S    -3  -2   2   0  -3   0  -2   6  -3  -7  -5   0  -5  -6  -4  -2  -4  -4  -3  -6    3   2  10   5   1   4   3  54   1   0   1   6   0   0   1   4   1   0   1   1  1.22 0.71
  295 N    -4   0   4   2   0   0  -4  -6   7  -8  -3  -1  -4   0  -4   0  -2  -9   1  -6    2   6  19  10   2   4   1   1  25   0   3   4   1   4   1   8   3   0   5   1  1.06 0.62
  296 P     0   0  -2  -1  -3  -1   0  -3   1   1   1   1   0  -1   1   0   1  -3   0   1    8   5   1   3   1   3   5   2   3   7  14   7   2   3   7   6   9   0   4  10  0.08 0.09
  297 R    -1  -2   1   4  -6   1   4  -1   0  -5  -2   1  -3  -6  -2   0  -2  -9  -5  -3    6   2   5  21   0   5  24   6   2   1   4   9   1   0   2   6   2   0   1   2  0.59 0.43
  298 M     0  -7  -4  -4   5  -5  -5  -6  -6   5   1  -5   3  -2  -5  -3   0  -5  -4   3    7   0   1   1  12   1   1   1   0  28  13   1   6   2   1   2   6   0   1  17  0.95 0.50
  299 V     1  -7  -9  -6   3  -5  -6  -6  -9   3   1  -7   1   0  -7  -5  -2  -2  -4   5   12   0   0   1   5   1   1   1   0  16  14   0   3   4   0   1   3   1   1  37  1.06 0.57
  300 R    -1   2   0   0  -3   3   3  -5  -1  -4  -4   4  -5  -7  -5  -1  -1  -4  -4  -3    6  12   5   5   1  10  20   1   2   1   2  22   0   0   1   5   4   0   1   3  0.64 0.45
  301 A    -1  -2  -3  -5  -1  -2  -2  -6   0   1   4  -2   2   2  -5  -4   0   0   3   1    6   3   1   1   1   2   3   1   2   7  30   3   5   7   1   2   6   1  10   8  0.48 0.30
  302 L    -7 -10  -7 -11  -3 -10 -11 -11 -11   0   7 -10   1  -1 -11 -10 -10  -3  -6  -5    1   0   0   0   1   0   0   0   0   5  85   0   3   3   0   0   0   0   0   1  2.44 1.17
  303 L    -5  -5  -7  -7   2  -2  -5  -9  -4   2   5  -4   2  -3  -9  -6  -5  -1  -4   3    1   1   0   0   4   2   1   0   1  10  54   1   4   1   0   1   1   1   1  15  1.34 0.69
  304 R     0   2   1   2  -4   3   2  -3  -2  -3  -2   2  -2  -4  -5   1  -1  -5  -2  -3    8  11   7  10   0  11  10   2   1   2   5  13   1   1   1  10   3   0   2   2  0.35 0.27
  305 H    -1  -1   1  -2   1   0   2  -1   6  -3  -2   0  -1   1  -5   0  -2   0   3  -3    5   3   7   2   2   4  11   5  19   2   4   5   2   5   0   8   2   1  10   2  0.51 0.33
  306 P     2   1  -1  -2   1   1  -1   1  -1  -2   0  -1  -1  -2   2  -1  -1  -2   0  -2   18   6   3   3   3   7   3  10   2   2   8   4   2   2  11   4   4   1   4   3  0.16 0.13
  307 D    -2  -2   2   1  -2  -2   0   6  -1  -6  -6  -1  -8  -5  -3   0  -4  -8  -4  -5    4   2   8   7   1   2   6  50   2   1   1   4   0   1   2   6   1   0   1   1  1.06 0.62
  308 I     6  -5  -4  -5   2  -4  -4  -4  -6   1  -2  -3  -3  -2  -1  -2  -1  -5  -2  -1   52   1   1   1   4   1   1   2   0   8   5   2   1   2   4   3   5   0   1   5  0.99 0.61
  309 D    -2  -1   4   6  -2   0   1  -7  -1  -3  -5  -2  -5  -6  -3   0  -3  -9  -6  -6    5   3  16  42   1   4   7   0   1   2   2   2   0   0   2   8   2   0   0   1  1.14 0.68
  310 L    -2  -1  -5  -6  -1  -4  -2  -7  -6   3   2  -2   2  -1   3  -3   0  -2  -2   3    3   4   1   0   1   1   3   1   0  14  17   3   4   2  16   2   7   1   1  19  0.56 0.37
  311 T    -2   0   5   3  -1  -1   1  -2   2  -5  -3  -1  -2  -1  -5   0   2  -3  -1  -5    4   5  24  13   2   3   7   4   4   1   3   4   1   3   1   8  11   0   2   1  0.55 0.39
  312 V     2   0  -4  -3   0  -1  -2  -4  -1   3   1  -1   1  -2  -2  -1   0  -2  -2   1   18   5   1   1   2   3   2   1   2  17  14   4   3   1   2   5   5   1   1  11  0.29 0.22
  313 I    -2   4  -3  -3  -1   2   0  -4  -3   0  -1   2  -1  -1  -1  -2   1  -1  -2   1    4  21   1   2   1   9   5   1   1   5   7  12   2   2   3   4   8   1   1   9  0.37 0.29
  314 N    -5  -5   7   6 -10  -7   0  -4  -4  -6  -7  -4  -4  -4  -6  -3  -1  -6  -5  -7    1   1  38  39   0   0   5   2   0   1   1   1   1   1   0   3   5   0   0   0  1.77 0.96
  315 N     0   0   3   1  -2  -1   1  -2   1  -3  -2   4  -4  -2  -2   0  -1  -5   1  -3    7   5  11   7   1   3   9   4   3   2   4  21   1   2   2   7   4   0   5   2  0.32 0.26
  316 R    -1   1   2   2   1   1   1  -1   2  -4  -2   1   0   0  -3   0  -1   1   2  -3    6   7   9  11   3   5   9   4   4   1   4   8   2   4   1   8   3   2   7   2  0.21 0.19
  317 V    -2  -2   0  -1  -4  -3  -3   6   0  -4  -2   0  -4  -4  -4  -2  -5  -9  -3  -3    3   3   5   4   0   2   2  57   2   2   4   5   1   1   1   3   1   0   1   2  1.20 0.68
  318 N    -3   2   3   0   0   2   1  -3   2  -4   0   2   0   0  -5  -2  -4   2   2  -3    3  10  14   6   2   8  10   2   4   1   8  11   2   3   1   3   1   3   5   2  0.35 0.28
  319 T    -3  -2  -1  -6  -1  -4  -4  -5  -2  -2  -2  -1  -4  -4  -2   1   7  -9  -4  -5    2   3   3   1   1   1   2   1   1   3   4   4   1   1   3  11  57   0   1   1  1.39 0.84
  320 A     4  -6  -8  -3  -2  -5  -5  -6  -5  -2  -3  -5  -6  -6   7  -5  -5  -6  -7  -1   32   1   0   2   1   1   1   1   0   3   3   1   0   0  46   1   1   0   0   5  1.64 0.97
  321 I    -1  -3  -4  -6   1  -6  -3  -6  -1   1   5  -5   2   0  -7  -2  -3  -4  -1  -1    6   2   1   1   3   1   3   1   2   6  53   1   4   4   0   3   2   0   3   5  1.00 0.55
  322 W    -3  -3  -3   4   1   1   0  -5   7  -3  -3  -1   3  -1  -8  -2  -2   1   0  -4    3   2   1  24   3   6   6   1  23   2   3   4   7   3   0   4   3   2   3   2  0.96 0.57
  323 N    -1  -2  -2  -3   1  -2  -1  -4  -2   2   3  -1   0  -1  -5  -2  -2   4   3   2    5   2   2   2   3   2   4   2   1  10  25   5   2   3   1   4   3   6   8  12  0.35 0.24
  324 M     6  -5  -5  -5   0  -6  -6  -2  -5  -3   0  -5   0  -2  -5  -2  -2  -9  -4  -2   62   1   1   1   2   0   1   4   0   2  10   1   3   2   1   3   3   0   1   4  1.35 0.78
  325 Y     3   2  -4  -4   5   0  -1  -2  -1   0  -1  -2   0  -3  -5  -2   0  -1   1   1   24   9   1   1  10   3   5   3   2   5   7   3   2   1   1   3   6   1   4   8  0.37 0.28
  326 N     0   1   1   0  -2   1   2  -1   2  -2  -1   1  -1  -2  -2   1  -1  -2  -1  -2    8   8   7   5   1   6  11   5   4   3   6   9   2   2   2  11   3   1   3   3  0.13 0.14
  327 D    -2   1   3   2   0   2   1  -2   2  -3  -2   2  -2  -2  -3   0   0  -3   1  -3    3   8  11  10   2   8   8   4   5   2   4  12   1   2   1   6   5   0   4   2  0.25 0.22
  328 G    -2  -4   0  -4   2  -1  -1   6  -1  -2  -3  -2  -3  -1  -1   0  -3  -4  -3  -3    4   1   5   1   3   2   4  48   2   3   4   2   1   3   4   7   2   0   1   3  0.83 0.51
  329 D    -1  -2   3   3  -3  -1   0  -3   8  -3  -3  -2  -3  -4  -3   0  -1  -7  -1  -4    5   3  12  14   1   3   6   2  28   2   3   3   1   1   1   8   4   0   2   2  0.89 0.52
  330 E    -1  -1  -1   0   0  -1   3  -3   2   1   0   1   0   0  -2   0  -2  -2  -2   1    5   3   3   5   2   2  17   2   6   9   9   8   2   4   2   6   2   0   1  11  0.15 0.15
  331 V     0  -2  -2  -1  -1   0   1  -2  -2   1   1   0   2   0  -2  -1   0  -2  -1   2    9   2   2   3   1   3   8   2   1   9  15   5   6   4   1   3   6   1   1  14  0.11 0.11
  332 K     0   1   1   1   1   1   1  -1   0  -1  -1   2   0  -3  -1   0  -1  -2  -2  -1    7   8   7   7   3   5  11   4   2   4   8  13   2   1   3   7   4   0   1   3  0.11 0.11
  333 T     1   0   0  -1   2  -1  -1  -2  -1   1   1   0   1   0  -2  -1   0  -2   0   1   11   4   4   3   5   3   4   2   1   9  17   6   3   3   1   4   5   0   4  12  0.08 0.09
  334 I    -1   0  -1  -2  -3   1   0  -4  -1   1   4   0  -2   0  -4  -1  -1  -2  -3   0    4   5   3   2   1   7   8   1   1   7  36   5   1   4   1   5   3   1   1   6  0.36 0.28
  335 N     0  -1   3   0   1   0   0  -2  -1   0   2   1   0  -2  -2   0  -1  -3  -1  -1    8   3  13   4   3   5   7   3   2   7  19   7   2   2   2   6   3   0   2   4  0.11 0.14
  336 W     0   0   0  -1  -2   0   1   0  -1  -1   1   1   0   0  -1   0  -1   2   0  -1    7   4   4   4   1   3  10   8   2   3  17   8   2   4   3   7   3   3   4   4  0.04 0.07
  337 N     0   0   1   1  -1   0   0  -3   2   0   1   0   0  -1  -2   0  -1  -2   0   0   10   6   6   9   1   3   7   1   6   5  13   6   2   2   1   8   4   0   4   5  0.08 0.10
  338 K     1  -1   0   0  -2   1   1   2  -1  -1   0   1  -1  -4  -2   0  -2  -3  -3   0   10   2   4   4   1   7  11  15   1   4   8   9   1   0   2   8   2   0   1   6  0.14 0.16
  339 I     3  -2  -2  -2   4  -1  -2  -3   0   3   0  -1   1  -2  -2   1  -1  -2  -1   0   22   2   2   2   7   3   2   1   2  16  10   4   3   1   2  10   3   1   2   6  0.28 0.24
  340 Y    -1   0   1   2  -3   0   1   1  -1  -2  -1   1  -1   0  -1   0   0  -1   2  -2    5   6   8  11   0   3   8  10   1   2   7   8   1   5   3   6   6   1   7   2  0.10 0.12
  341 L     0  -1  -3  -1  -4  -1  -1  -4  -4   1   3   1   1  -1   1  -2  -1  -3  -2   1    9   3   1   4   0   3   4   1   0   8  30   9   3   2   6   2   3   0   1   9  0.29 0.25
  342 L     0   0   1   1  -3   0   0  -3  -1   1   2  -2   2   0  -3  -2  -1  -2  -1  -1    9   6   7   8   0   3   6   2   1   7  23   2   6   4   1   3   4   0   2   3  0.16 0.18
  343 I     1  -3  -2  -1  -2  -2   1  -3  -2   3   2  -3  -1  -2  -2  -1  -2  -2  -2   2   11   2   2   3   1   2  11   2   1  19  19   1   1   1   2   6   2   0   1  13  0.30 0.25
  344 R    -2   4   3   0  -3   4   1  -2  -1  -5  -3   3  -4  -5  -4   0  -3  -3  -3  -4    4  19  13   5   1  15   7   3   1   1   3  17   0   0   1   7   1   0   1   2  0.62 0.45
  345 N    -1   0   4   2  -6  -1   1   1   3  -4  -4   1   0  -4  -2   0  -1  -2  -1  -3    5   5  18  13   0   2   8  11   7   1   2   8   2   0   2   6   4   1   2   2  0.39 0.31
  346 A     2  -1  -1  -1   0  -1  -1   2  -2   0  -2   1  -2  -2   1   1  -1  -3  -2  -1   18   3   3   3   2   2   4  15   1   5   4  10   1   2   7   9   4   0   1   5  0.16 0.17
  347 D     2  -3   1   5  -4  -1   1  -1   3  -3  -3  -2  -4  -3  -3   0  -2  -4  -3  -3   15   2   6  33   0   2   9   4   6   1   2   3   1   1   2   6   3   0   1   2  0.64 0.44
  348 R    -1   1   0  -1  -3  -1   0   3  -2   1   1   0  -1  -2  -1  -1  -1  -3  -2   0    5   8   6   4   0   2   6  21   1   8  12   5   1   2   4   5   4   0   1   7  0.12 0.13
  349 R    -1   2   1  -1  -3   1   3  -2   0  -3  -3   3  -3  -4  -1   1  -1  -3  -1  -3    5  12   5   3   1   5  16   3   3   2   3  17   0   1   3  12   3   0   2   2  0.33 0.29
  350 A     0  -2   0  -1  -2  -2   0   0  -1   0   0  -2   0  -2  -2   0   3   3  -2   0    8   2   5   3   1   1   7   8   1   6  11   2   2   2   2   6  22   3   1   6  0.20 0.21
  351 K     0   2  -1  -1  -1   1  -1  -1  -1  -1  -2   2   0  -3   3   0  -1  -2  -2   1    8  10   3   3   2   5   4   5   1   3   3  15   2   1  16   6   3   1   1   9  0.24 0.22
  352 N     0   1   3  -1  -5  -1   0   0  -2  -1   0   2  -1  -2  -2   1   1  -5  -3  -2    7   6  15   3   0   3   5   9   1   3   9  12   1   2   2   9  10   0   1   3  0.19 0.20
  353 D     1  -3  -1   4  -1  -2   1  -3   4  -3  -3   0  -4  -4   3   0  -1  -3   0  -2   12   1   3  21   1   2   9   2   9   2   2   5   0   1  12   8   4   0   3   3  0.42 0.33
  354 I    -1  -2  -1  -4  -3  -2  -3  -3  -3   3   4  -2   4   0  -4  -2  -2  -3  -2   2    4   2   3   1   0   2   2   2   1  16  33   3   9   3   1   3   3   0   1  11  0.53 0.33
  355 Y     1  -2   1  -3   0  -1  -1  -4   6  -2  -2  -1  -3  -1  -2   2   0   0   3  -2   10   2   8   1   2   3   4   1  21   3   4   3   1   3   2  13   7   1   8   3  0.49 0.35
  356 N    -1  -1   1   3  -2   0   2   1   0  -1  -2   0  -1  -5  -2   0   0  -5  -2  -1    4   4   7  19   1   4  13  11   2   5   5   5   1   0   2   6   5   0   1   5  0.23 0.21
  357 F     0  -2   2  -1  -1   1   0  -1   0   1   0   0  -1   3   1   0  -1   0   1   0    7   2  10   2   2   6   6   4   2   8   7   5   1  12   6   6   2   1   4   6  0.08 0.11
  358 R     0   2   0  -1  -3   1   0   0   2  -2   0   2  -1  -2  -2  -1  -1   0   1  -1    8  13   4   4   0   7   6   8   5   2   9  12   2   1   1   4   3   1   4   4  0.15 0.15
  359 E    -1   2   0   1  -4   3   3  -3   3  -4  -2   1  -5  -4  -4   0   0  -2   0  -2    4  10   5   7   0  11  22   2   7   1   4   7   0   1   1   6   7   1   3   3  0.41 0.33
  360 E     0   2   1  -1   0   1   3   1   0  -4  -1   1  -2  -2  -1  -1  -2   4  -2  -4    8  10   6   3   3   7  18   9   2   1   6   8   1   2   3   4   2   6   1   1  0.27 0.25
  361 I    -1  -3  -1  -4   4  -2  -3  -1  -2   3   2  -3   0  -2  -3  -2   2  -5  -2   2    5   1   3   1   7   1   2   6   1  14  23   2   2   2   1   2  11   0   1  14  0.35 0.26
  362 R    -2   4   0  -3  -2   0  -1  -3   5  -1   0   1   0  -2   1  -1  -2  -3   0  -1    4  20   5   1   1   4   3   2  12   3  11   8   3   2   7   4   2   0   3   5  0.34 0.28
  363 N     0  -1   2   2  -2   0   1  -1   1  -2   0  -1  -1   1  -1   1   1  -2   2  -2    7   3   9  10   1   4   8   4   3   2   8   2   1   5   2  11   9   0   7   2  0.13 0.16
  364 K     2   1  -1   1  -5   1   0  -2  -1  -1   0   3  -1  -3   2  -1  -1  -5  -3  -2   16   8   2   7   0   7   6   2   1   4   9  16   1   1   9   3   4   0   1   3  0.21 0.22
  365 V    -1  -2   2  -1   1  -2  -2  -4  -2   2   3  -2   1  -1  -4  -1   0  -3  -1   2    6   2   9   3   3   2   2   1   1  13  24   2   3   2   1   4   5   0   3  13  0.28 0.22
  366 N    -1   0   2   2  -5   0   1  -1   4   0  -1  -1  -2  -4  -3   0   0  -5   0   0    6   4  11  10   0   4  11   5  10   7   6   3   1   0   1   8   6   0   3   6  0.19 0.19
  367 Y    -1   1   0  -1  -2   2   0  -2   4  -1  -1  -1  -2   2  -2   0  -1   1   4  -4    5   7   4   4   1   9   6   3   9   3   5   4   1   8   2   8   4   2  16   1  0.32 0.27
  368 A     1   1   0   0   1   0  -1   1  -2  -1  -1   0   0  -2   0   1   0  -4  -3  -1   12   7   5   6   4   4   4  12   0   4   8   7   2   2   4   9   6   0   0   3  0.08 0.11
  369 T     0  -1   1   0  -2   0  -1   1   0   1   0   0   1  -1  -1   0   1  -3  -1   1    6   3   6   5   0   3   4  10   2   7  11   6   3   2   2   4  12   0   2  11  0.05 0.08
  370 R     0   4  -1   1  -2   0  -1  -4  -2  -2  -1   2  -1   2  -2   0   0  -5   0  -3    6  22   3   8   1   3   3   1   1   3   7  13   1   9   2   8   6   0   3   1  0.32 0.28
  371 K    -2   2   1   1  -3   0   3   2   1  -5  -3   3  -5  -3  -3  -1  -3   0  -4  -2    3  11   6   6   1   4  21  14   3   0   3  15   0   1   1   5   1   1   1   3  0.41 0.33
  372 D     0   1   1   2  -3   0   1  -2   3   1  -1   0   0  -3  -2   1   0  -3  -1  -1    6   7   6  10   0   4  10   3   7   8   4   6   2   1   1  12   4   0   2   4  0.14 0.16
  373 A     1  -2   0  -1   3  -2  -2  -1  -1   1   0  -1   0  -3  -2   0   1  -2  -1   2   14   2   5   4   7   2   2   4   2   9  10   3   2   1   1   8   8   0   3  15  0.14 0.16
  374 K    -1   2  -3  -1  -3   0   0  -6   0  -3  -3   5  -2  -3   3  -2  -1  -3  -4  -2    6  11   1   4   1   3   6   0   2   2   3  33   1   1  14   3   3   0   1   3  0.62 0.44
  375 S    -1   1   0  -1  -2  -1   2  -2  -1  -1   1   0  -1   3  -4   1   1  -4  -1  -1    5   7   5   3   1   2  13   2   1   3  13   7   1  12   0  12   9   0   1   4  0.15 0.18
  376 L    -2   1  -4  -4   0  -2  -3  -3   1   2   4  -2   3   0  -3  -2  -2  -5  -2   1    4   8   1   1   2   1   1   2   4  11  37   2   6   3   1   3   2   0   1   9  0.46 0.32
  377 I    -1  -4   0  -2  -1  -3  -2  -6  -4   4   3  -3   1  -1  -6  -3  -2   1  -4   2    6   1   5   2   1   1   3   0   0  25  29   1   4   2   0   2   2   2   0  13  0.62 0.39
  378 Q     2   1   2   0  -5   3   2  -2   0  -5  -2   1  -2  -1  -2  -1  -2   0  -4  -3   19   7  10   6   0  15  12   2   2   0   4   9   1   2   2   5   2   1   0   1  0.35 0.32
  379 T     2   1   3   0   0  -1  -1  -2   1  -2  -1   0   1  -3  -2   2   0  -5  -1   0   15   8  18   4   2   2   4   1   3   2   5   6   4   1   1  13   5   0   2   6  0.22 0.23
  380 Y     0  -1  -1  -2  -1   0  -2  -1   3  -1   0  -1  -2   2  -3   0   0   1   4  -1    7   4   3   2   2   3   2   6   9   3  11   4   0  10   1   8   6   2  15   3  0.22 0.21
  381 T     0   1   2  -1  -2   0  -1   0   0  -2  -1   1  -1  -1  -1   0   2  -2   0   0    8   7  10   3   1   3   4   7   3   2   6   9   1   2   2   8  16   0   3   6  0.10 0.13
  382 T    -3  -1   6  -1  -5   1   0   1   1  -2  -5  -1  -3  -4  -3   2   0  -6  -2  -2    1   3  33   3   0   7   5  10   3   2   1   3   1   1   1  15   6   0   1   3  0.62 0.43
  383 N     0   2   4   0  -2   0   0  -2   4  -4  -5   0  -2  -5  -2   2   1  -5  -4  -2    6  11  19   5   1   3   5   3  11   1   0   6   1   0   2  15   7   0   0   3  0.42 0.32
  384 T    -1  -1  -1  -2  -1  -1  -2  -1  -3   2   2  -1   0   0  -1   0   2  -4  -3   1    4   4   2   2   1   2   2   4   0  10  25   3   2   4   3   7  16   0   0   9  0.18 0.19
  385 S    -1  -2   1   0  -4   1   1  -1   1  -3   0  -2  -3  -5   4   2   2  -5  -3  -4    5   1   5   6   0   5   8   4   4   1  12   2   0   0  18  13  14   0   1   0  0.33 0.30
  386 L    -1  -3  -3  -4  -2  -3  -5  -3   1   3   3  -4   1  -1  -3  -2   0  -5  -1   4    5   1   1   1   1   1   0   2   4  18  24   1   2   2   1   3   6   0   2  26  0.50 0.32
  387 V     0  -4  -2  -3   0   0  -2  -3  -2   2   1  -1   2   0  -1  -1  -1  -4   0   4    7   0   2   1   2   5   2   2   1   9  11   3   5   3   3   4   2   0   3  35  0.33 0.27
  388 A     3  -1   0  -1  -3   1   1   0  -2  -1  -2   1   0  -3   0   1   1  -4  -2  -1   25   3   4   2   0   6  10   5   0   4   4   8   2   1   4  10   8   0   1   3  0.19 0.20
  389 I     2  -3  -1  -2  -3  -1  -1  -2   1   3   1  -2  -2  -1  -3   0   0  -4   2   1   19   0   3   1   0   2   4   2   3  18  17   1   0   2   1   7   4   0   7   8  0.21 0.22
  390 L    -2  -5  -6  -4   1  -2  -4  -4  -2   1   5  -5   3   2  -3  -4  -3  -5  -4   0    2   0   0   1   3   2   1   2   1   6  58   0   7   7   2   1   1   0   0   6  0.89 0.47
  391 L    -2  -4  -3  -2  -1  -3  -3  -4  -1   3   3  -2   0   3  -5  -2  -2   0   1   2    3   0   1   2   1   1   1   1   2  16  27   2   1  15   0   2   2   1   4  17  0.43 0.27
  392 A     4  -3  -3  -2  -3   0  -1   0  -3  -1   0  -1  -2  -2   1   2   0  -4  -3   0   35   0   0   2   0   4   2   6   0   4   8   4   0   2   7  16   5   0   0   5  0.31 0.26
  393 T     0  -2   0   0  -1   1   1  -1  -3  -2  -1   0  -2  -2   0   3   3  -4  -3   0    4   0   3   3   1   5  10   3   0   2   5   5   0   2   5  23  21   0   0   7  0.25 0.22
  394 I     1  -2  -1  -1   0  -2  -2   1  -3   1   1  -2  -1   0  -1   0   1   0  -2   2   14   2   3   3   2   0   0  14   0   7  15   0   0   3   3   5   9   2   0  17  0.12 0.13
  395 T     3  -3   1   1   0  -2  -2   0   0  -1  -1  -2  -1  -1   0   0   3  -4  -1   0   28   0   8   7   2   0   0   5   2   2   5   0   1   3   3   5  21   0   2   5  0.26 0.23
  396 F    -2  -2  -1  -3  -4  -2  -4  -4  -1   1   2  -2   1   6  -4  -2  -1  -2   1   0    2   2   3   2   0   2   0   1   2   7  17   2   4  42   0   2   4   0   2   5  0.65 0.32
  397 A     2  -1  -2  -2  -3   1  -1  -2   1  -1  -1   0   0   1   0   2  -1   4   1   0   21   2   0   2   0   7   2   1   4   3   6   6   2   6   4  17   1   6   4   7  0.15 0.17
  398 A     3  -1  -1   0   1  -2  -1   0  -1  -1  -2   0  -1  -2   1   2  -1  -4  -3  -1   32   3   2   5   4   0   2   7   1   5   2   6   2   2   7  17   2   0   0   2  0.25 0.21
  399 A     1  -2  -3  -2  -3  -3  -3   1   0   3   0  -3  -1   1  -1  -1  -1  -3   0   1   16   2   0   2   0   0   0  14   2  25   9   0   0   6   3   5   1   0   4  10  0.21 0.19
  400 F     1  -1  -4  -2   2  -2  -3  -2  -3   0   2  -3  -1   5  -1  -2  -1   1  -1   0   16   5   0   2   4   2   0   3   0   6  19   0   0  29   4   2   2   2   0   5  0.35 0.25
  401 T     1   0   3  -1   3  -1   0  -3  -2  -1  -3   0  -1  -2  -1   0   3  -4  -1  -2   13   4  16   3   8   2   4   0   0   4   0   4   2   2   2   5  26   0   3   0  0.31 0.24
  402 L     0  -3  -1  -3   0  -3  -3   0  -3   2   2  -1   0  -2  -1   0  -1  -3  -2   2    8   0   2   0   2   0   0   7   0  17  28   4   2   0   2   7   3   0   0  15  0.21 0.16
  403 P    -3  -1   2  -3  -4   0   0  -4  -3  -1   1  -1  -2  -3   6  -3  -3  -4  -1  -1    0   2  10   0   0   4   5   0   0   2  19   4   0   0  42   0   0   0   2   5  0.81 0.34
  404 G    -1  -2   2   1   0  -1  -1   4   0  -3  -2   0   0   0  -3  -1  -1  -3  -1  -3    3   0  10   8   2   2   3  41   3   0   3   7   3   5   0   3   3   0   3   0  0.42 0.21
  405 G     1   0  -1  -1   2   2   0   3  -2  -1  -2   1  -2  -2  -2   0  -1  -3  -1  -1   15   4   0   4   5  12   4  24   0   3   3  13   0   2   1   3   3   0   2   3  0.21 0.14
  406 Y    -3  -3   0   3  -4  -2   1  -4  -1  -3  -1  -1  -3   3  -1  -1  -1  -1   6  -3    0   0   3  17   0   0   9   0   0   0   8   3   0  11   3   4   3   0  38   0  0.69 0.34
  407 S    -1  -1   1   0  -3  -2  -2  -2  -2   1  -1   2   1   2   0   0  -1  -3   0   1    4   3   8   6   0   0   0   3   0  12   4  16   5  13   5   9   2   0   2  11  0.09 0.13
  408 S     1   0   3   1  -3  -1  -1   1   1  -3  -1   0  -2  -3  -3   2   0  -4  -3  -2   12   3  20   8   0   0   3  11   3   0   8   7   0   0   0  17   5   0   0   3  0.24 0.17
  409 D     0  -1   1   5  -4   0   1   0   1  -2  -4  -1  -3  -3  -1   1  -2  -4   1  -2    7   3   8  37   0   3   7   8   3   2   0   2   0   0   2  10   0   0   5   3  0.43 0.23
  410 A     1   0  -2  -1   1  -1  -1   1  -2  -2   0   0   1  -1   2   1   1   1  -2  -1   17   5   0   3   4   0   3  13   0   0   8   7   4   3   9   9  10   2   0   3  0.12 0.11
  411 G     0  -1   2   1  -3   0  -1   1   0  -3  -1   2  -2  -3   1   0   1   0  -2  -2    6   0  11   7   0   3   1  13   3   0   8  18   0   0   7   5  13   2   0   1  0.18 0.14
  412 S     1   0  -1   1  -3  -1   0  -2   4  -2   0   1  -2  -2   1   1   0  -3   0  -2   11   3   0  10   0   0   7   1  16   0  14   8   0   0   8  12   5   0   3   1  0.21 0.15
  413 E     0   1  -1  -1  -2   0   0  -2   0   1   2  -1   0  -1   2   0   0  -3   0   0    5   9   3   3   0   3   5   1   3  10  23   2   2   0  10  10   6   0   3   3  0.10 0.09
  414 G     0  -2   0  -2  -3  -2  -2   4   3  -1  -1  -1  -2  -1   0   1   0  -3  -1  -2    5   0   3   0   0   0   0  36   9   4   9   4   0   3   4  11   7   0   2   2  0.32 0.18
  415 L    -1   1  -2  -2   0   1  -1  -1   0   0   2  -1   2  -2  -3   1   2  -3   0   0    3   9   0   0   2   6   2   5   2   2  24   3   6   0   0  14  14   0   3   5  0.12 0.14
  416 P     3  -3  -2   0   0  -2  -2   0  -3  -2  -1  -1  -2  -1  -1   2   0  -4  -3   1   38   0   0   5   2   0   0   6   0   0   7   3   0   2   3  17   6   0   0  11  0.29 0.22
  417 I     2   0   0  -2   2  -1  -1  -1  -2   1   0   0  -1  -1  -2   0   2  -3   0   0   20   5   6   0   5   0   3   3   0   9  10   8   0   3   0   3  15   0   3   7  0.09 0.11
  418 M     1  -2  -2  -3   1  -2  -1  -1  -3   1   2   2   3  -1  -3   0  -1  -3  -2   1   10   0   0   0   3   0   3   3   0   8  20  16  12   2   0   8   3   0   0  10  0.15 0.15
  419 A     3   1  -2  -2  -2   1   0  -1   0  -1  -1   0  -1  -1  -1  -1   0  -3   0   1   33   7   0   0   0   7   5   3   3   0   6   7   0   2   3   0   6   0   3  15  0.17 0.17
  420 R     0   3   1  -2  -3   1   0   3  -2  -4  -3   1  -3  -3   1   0   0   1  -1  -3    7  17   6   0   0   7   3  28   0   0   1   6   0   0   6   6   6   3   3   0  0.33 0.17
  421 K     1   3   2  -2  -3   1   0   0  -1  -2  -2   2   0   0  -3  -1  -1  -3   0  -1   12  20  14   0   0   6   4   6   0   0   3  15   3   4   0   0   2   0   3   6  0.21 0.16
  422 V     1  -3  -3  -3  -3  -2   0  -1  -3   0   0  -2   2  -3   5  -1   1  -4  -3   1   15   0   0   0   0   0   6   3   0   4   8   0   8   0  33   2   9   0   0   9  0.54 0.23
  423 A     1   1   0   0   1   0   2   0  -2  -1  -1  -1  -2  -3  -2   2   1   1  -2  -2   16  10   3   3   3   4  18   6   0   3   5   0   0   0   0  17   7   3   0   0  0.18 0.13
  424 F    -3  -4  -4  -5  -3  -4  -4  -4  -3   3   2  -4   3   6  -1  -2  -3  -2   0  -1    0   0   0   0   0   0   0   0   0  17  23   0  11  41   3   3   0   0   0   0  0.74 0.29
  425 Q     1   1  -1  -2  -2   0   1  -2   1  -1  -1   2  -1   1   0   0  -1  -2  -1   0   14  10   0   0   0   4   8   1   4   0   7  16   0  11   3   9   0   0   0  12  0.10 0.10
  426 A     0   1  -2   0  -2   0   2  -3  -2   3   0   0   0  -2  -2  -1  -1  -3  -2   2   10   8   0   4   0   4  17   1   0  25   8   4   0   0   0   1   0   0   0  17  0.16 0.12
  427 F    -3  -3  -4  -4  -3  -4  -4  -1  -2   0   1  -4  -1   7  -4  -3  -1  -1   3  -2    1   0   0   0   0   0   1   4   0   5  11   0   0  62   0   1   4   0   9   1  0.93 0.27
  428 L    -2   0  -3  -3   1   0  -2  -3  -2   1   3  -2   0   4  -3  -1   0  -1   1   1    1   5   0   0   4   5   1   1   0   5  34   0   0  22   0   4   5   0   4   7  0.25 0.13
  429 I    -1  -3  -4  -4  -2  -3  -4  -4  -3   4   3  -3   2  -1  -3  -3  -2  -3   1   2    5   0   0   0   0   0   0   0   0  28  43   0   5   0   0   0   0   0   5  12  0.50 0.18
  430 F    -3   1  -2   0  -3   0   0  -1  -2  -2  -1  -2  -1   6  -3  -2  -2   5   1  -2    1   9   0   7   0   6   5   4   0   1   5   1   0  48   1   1   1  10   0   1  0.60 0.21
  431 D    -2  -2   5   4  -3  -1  -1   1  -1  -4  -4   0  -3  -3   0   1  -1  -4   0  -3    0   0  35  26   0   0   0  12   0   0   1   5   0   0   4  12   0   0   4   0  0.53 0.17
  432 T     2   0   0  -1   4  -1   0   0  -1   0  -2   1  -1  -2  -2   0   0  -2   1  -1   22   5   7   0  12   0   6   7   0   7   1  11   0   0   0   5   7   0   8   0  0.12 0.07
  433 S     0  -2   1   0  -2  -1  -1  -2   1   1   1  -2   0   2  -2   1   0  -2   0  -1    7   0  12   7   0   0   0   1   6  11  19   0   0  15   0  14   6   0   0   0  0.09 0.07
  434 A     3   0   1  -1  -2  -1   0  -1  -2  -1   0  -1  -1  -2  -2   1   1  -3  -2  -1   39   7   7   0   0   0   8   1   0   0  16   0   0   0   0   6  13   0   0   0  0.19 0.10
  435 M    -1  -3  -3  -3  -2  -2  -3  -3  -3   1   3  -2   5   1  -3  -1  -1  -2  -1   2    1   0   0   0   0   0   0   1   0   0  33   0  27   6   0   6   0   0   0  23  0.40 0.15
  436 C     0  -2  -2  -2   2   2   0  -3  -1   0   1  -2   0   4  -2  -1  -1  -1   1   0   13   0   0   0   6  14   7   1   0   6  13   0   0  26   0   1   0   0   5   7  0.17 0.09
  437 A     1  -2  -1  -2  -1  -1  -2  -2   1   1   0  -1   0   2  -2   1   2  -2   0   0   15   1   1   1   0   1   1   1   6  12   6   1   0  16   1  15  19   0   0   6  0.12 0.07
  438 S     0  -2  -1  -2  -2  -1  -1  -2  -1  -2  -1  -1  -1   2   2   4   0  -1   3  -2    1   1   1   1   0   1   1   1   0   1   8   1   0   9  11  50   1   0  13   1  0.35 0.14
  439 L     0  -3  -3   0  -2  -3  -3  -3  -3   3   3  -3   1  -1  -3  -2   0  -3  -2   2    8   0   0   7   0   0   0   0   0  19  45   0   0   0   0   0   5   0   0  16  0.32 0.11
  440 A     4  -2  -2  -3  -2   1  -2  -1  -2  -2   0  -1   1   0   1   1  -1  -3  -2  -1   60   0   0   0   0   8   0   0   0   0   6   0   7   6   5   8   0   0   0   0  0.39 0.16
  441 V     0  -3  -2  -3  -2  -2  -2  -3  -3   2   1  -2   0   0   1   0   1  -3  -1   3    9   0   0   0   0   0   0   0   0   8  15   0   0   5   7   6  13   0   0  36  0.22 0.09
  442 A     0  -3  -4  -4  -2  -3  -3  -4  -3   2   3  -3   1   0  -3  -2  -1  -2   1   3    7   0   0   0   0   0   0   0   0   8  42   0   0   0   0   0   0   0   7  36  0.41 0.12
  443 F    -1  -3  -3  -4   3  -3  -3   0  -3   2   1  -3   0   4  -3  -1  -1  -2   0   2    0   0   0   0   8   0   0   7   0  13  14   0   0  29   0   7   0   0   0  22  0.28 0.10
  444 I     0  -2   0  -2  -2  -2  -2  -3  -2   1   0  -2   2   1  -3   1   1  -3  -1   3    7   0   6   0   0   0   0   0   0   7   5   0   9   6   0  13   8   0   0  38  0.18 0.09
  445 C    -1  -1  -1   0   2   3  -1  -3  -1  -1   1  -1   0   1  -2   1   1  -2   1  -1    0   0   0   7   7  22   0   0   0   0  22   0   0   8   0  12  15   0   7   0  0.16 0.10
  446 V     0  -3  -3  -3  -2  -3  -3  -3  -3   4   1  -3   2  -1  -3  -1   0  -3  -2   3    9   0   0   0   0   0   0   0   0  45   7   0   8   0   0   5   5   0   0  20  0.36 0.12
  447 I     0  -2   1  -2  -2  -2  -2  -2  -2   1   1  -2   0   0  -2   1   2   4  -1   1    7   0   7   0   0   0   0   0   0   7  14   0   0   5   0  11  25   8   0  15  0.19 0.08
  448 V     1  -3  -3  -4  -2  -2  -3  -3  -3   1   2  -2   2  -1  -3  -1   0   3  -1   2   15   0   0   0   0   0   0   0   0   5  32   0   8   0   0   0   7   5   0  26  0.29 0.10
  449 R    -1   3  -2  -3  -3   1  -1  -1  -2   1  -1   2  -1   0  -3  -2  -1  -3  -2   3    0  23   0   0   0   8   0   6   0   5   0  15   0   5   0   0   0   0   0  37  0.22 0.12
  450 W     1   1   0  -3  -2  -2  -2  -2  -2   1   2  -2   0   1  -3  -1  -1   5  -1   0   21  11   7   0   0   0   0   0   0   6  31   0   0   5   0   0   0  12   0   5  0.24 0.10
  451 M    -1  -2   1  -2  -3  -2  -3   3  -1   0  -1  -2   2   0  -3   0   0   6   3  -1    0   0   7   0   0   0   0  25   0  11   0   0  12   0   0   6   8  13  17   0  0.36 0.12
  452 D    -1  -1   1   3  -3   0   3   0  -1  -2  -2  -1   2   1  -2   0  -1  -2  -1  -2    1   1   9  22   0   1  25   7   0   1   1   1  12   9   1   8   1   0   0   1  0.24 0.08
  453 F    -1   1  -1  -2  -2  -1  -2   0  -2  -1   1  -1  -1   1  -2   1   3   4  -1  -1    1  12   0   0   0   0   0   8   0   0  15   0   0   7   0   9  36   8   0   0  0.23 0.10
  454 E     0   2   1  -1  -3   0   1  -2   3  -2  -2   1  -2  -1  -2  -1  -1   7   2  -1    8  12   9   0   0   0  15   1   9   0   1  11   0   0   0   1   0  19   7   7  0.37 0.10
  455 F     1  -2  -2  -2   3  -2  -2   0  -2  -1   1  -2  -1   3  -2   0   1  -1   2  -1   17   0   0   0   9   0   0   9   0   0  15   0   0  18   0   6  14   0   8   0  0.15 0.07
  456 L    -1  -1  -1  -1  -2   1   2  -3  -2   1   1   1   0   1   1   0  -1  -2  -1   0    1   0   0   0   0   6  19   1   0  19  14  15   0   8   8   7   0   0   0   0  0.12 0.07
  457 L    -1   2  -2  -2  -2   0   1  -3  -2   1   2   2   0  -1  -2  -2  -1  -3  -2   1    1  12   0   0   0   0   9   1   0   8  34  24   0   0   0   1   0   0   0   9  0.18 0.08
  458 H    -2   1  -1  -2  -3   1  -1  -3   4   0   0   2  -1   2  -2  -1  -1  -1   2   0    1   6   0   0   0   6   0   1  15   8   7  26   0  11   0   1   0   0   9   9  0.18 0.08
  459 Y    -1  -2  -2  -3  -2  -2  -2  -3  -1   0  -1  -2   1   2   1   0   1  -1   4   2    1   0   0   0   0   0   0   1   0   0   1   0   6  11   9   8   8   0  21  32  0.26 0.10
  460 R     1   0  -3  -3  -2  -2  -2  -2  -3   1   1  -2   3  -2   2  -1  -1  -3  -2   3   17   7   0   0   0   0   0   1   0   0   9   0  14   0  11   1   0   0   0  38  0.24 0.10
  461 S     1  -1  -1   1  -2   0   1  -2   2  -2  -2  -1  -2  -3   3   2   1  -3  -2   0   12   0   0  11   0   0  11   1   8   0   1   0   0   0  15  22   9   0   0   8  0.27 0.08
  462 V    -1  -3  -3  -3  -2  -2  -3  -3  -2   3   2  -2   2   2  -3  -2   0  -2   1   3    1   0   0   0   0   0   0   1   0  20  14   0   9   9   0   1   6   0   7  32  0.27 0.08
  463 T     2  -2  -2  -3  -1  -2  -2  -2  -3   2   0  -2   0   1  -2  -1   1  -2  -1   2   34   0   0   0   0   0   0   1   0  16   7   0   0   8   0   1   7   0   0  23  0.20 0.09
  464 T    -2  -2   4  -1  -3   0  -2   1  -1  -2   1  -2  -1   3  -3  -1   0  -2   0  -2    0   0  36   0   0   6   0  11   0   0  16   0   0  24   0   0   7   0   0   0  0.32 0.14
  465 K     0   1  -1  -2  -2   0  -1  -2  -1  -2  -3   3  -2  -2   1   3   0  -3   1   0    5   6   0   0   0   0   0   0   0   0   0  29   0   0   8  36   0   0   7   8  0.31 0.13
  466 F    -2  -3   0  -3  -2  -3  -3  -4  -2   0   3  -3   0   1   3  -2  -2  -2   2   0    0   0   6   0   0   0   0   0   0   0  55   0   0   7  17   0   0   0   8   7  0.43 0.13
  467 M     0  -2  -2   0  -2  -2  -2   0  -2   0   2  -2   5   2  -3  -1   1  -2  -1  -1    9   0   0   7   0   0   0   8   0   0  20   0  29  13   0   0  13   0   0   0  0.22 0.12
  468 W    -3   0  -4  -5  -3  -3  -4  -4  -3  -2   2  -3  -1   0  -5  -4  -3  10   3  -2    0   6   0   0   0   0   0   0   0   0  30   0   0   0   0   0   0  53  11   0  1.59 0.26
  469 F     0  -3  -3  -4   3   0  -3  -3  -2   1   2  -2   2   4  -3  -2  -2  -1   0   1   13   0   0   0   8   6   0   0   0   9  25   0   5  26   0   0   0   0   0   7  0.26 0.09
  470 A     3  -2   1  -2  -2  -1  -1   1  -2  -2  -2  -1   3  -3  -2   3   0  -3  -3  -2   34   0   9   0   0   0   0   6   0   0   0   0  15   0   0  35   0   0   0   0  0.37 0.15
  471 Y    -2  -3  -3  -4   4  -2  -3  -3  -1   1   1  -3   2   3  -3   0  -1  -1   4   1    0   0   0   0  12   0   0   0   0   6  15   0   9  17   0  11   0   0  22   8  0.33 0.11
  472 M    -1  -3  -4  -4  -2  -2  -3  -4  -3   3   3  -3   5  -1  -3  -3  -2  -3  -2   1    6   0   0   0   0   0   0   0   0  23  37   0  28   0   0   0   0   0   0   5  0.51 0.15
  473 A     0  -2  -2   0   6  -2  -2  -3  -1   0  -1  -1   3   2  -3   0  -1  -1   3  -1    7   0   0   7  25   0   0   0   0   7   0   6  13  11   0   6   0   0  17   0  0.33 0.13
  474 T    -1  -2  -1   0  -2  -1  -1   0   4   0  -1  -2   1   1  -2   1   3  -2   2  -1    0   0   0   7   0   0   0   6  15   5   0   0   8   8   0  11  30   0   9   0  0.22 0.11
  475 T     0  -2   1  -2  -2  -2  -2   0  -2   0  -2  -2  -1   0   3   1   3  -3  -2  -1    7   0   7   0   0   0   0   8   0  11   0   0   0   6  14  11  36   0   0   0  0.29 0.11
  476 L    -1   2  -2  -3  -2  -2  -2   1  -2   2   1  -1   1  -1  -3  -2  -1  -3  -2   3    0  17   0   0   0   0   0  14   0  12  15   0   6   0   0   0   0   0   0  32  0.18 0.08
  477 A     4  -2  -1  -2  -1  -1  -2   2  -2  -2  -3  -1  -2  -3  -2   2  -1  -3  -3  -2   57   0   0   0   0   0   0  18   0   0   1   0   0   0   0  21   0   0   0   0  0.50 0.15
  478 F    -3  -4  -4  -5  -4  -5  -5  -5  -3   1  -1  -4  -1   8  -5  -4  -3   0   2  -2    0   0   0   0   0   0   0   0   0   7   0   0   0  93   0   0   0   0   0   0  1.42 0.26
  479 A     1  -2  -3  -3  -2   1  -2  -3  -2   1   3  -2   2   1  -3  -1   0  -2  -1   1   15   0   0   0   0   9   0   0   0   6  39   0   9   8   0   0   8   0   0   6  0.21 0.08
  480 T     2  -2  -2  -3  -2  -2  -2  -2  -1  -1   0  -2   2   4  -2   0   0  -1   3  -1   33   0   0   0   0   0   0   0   0   0   9   0   9  24   0   6   7   0  12   0  0.27 0.11
  481 G    -1  -2  -1  -2  -2  -2  -2   4  -2   0   0  -2  -1   2  -2   1   0  -2  -1  -1    1   0   0   0   0   0   0  42   0   7  15   0   0  12   0  12   8   0   0   0  0.29 0.08
  482 L     0  -2  -2  -3   2  -2  -2  -2  -2   2   1  -2   0   2   2   0  -1  -2  -1   2    7   0   0   0   6   0   0   1   0  18   8   0   0  12   9  12   0   0   0  23  0.16 0.06
  483 Y    -2  -3  -3  -4   3  -3  -3  -4   0   2  -1  -3  -1   5  -3  -2  -2   0   6  -1    1   0   0   0   8   0   0   1   0  17   1   0   0  29   0   1   0   0  40   0  0.68 0.15
  484 T     1  -2  -1  -2  -1  -1  -2  -2  -2   1  -1  -1   0   1  -2   1   3  -2  -1   1   20   0   0   0   0   0   1   1   0  15   1   1   0  10   0  10  31   0   0   8  0.17 0.06
  485 V     1  -3  -3  -3  -1  -2  -2  -3  -3   2   1  -2   0  -1  -2  -2  -1  -3  -2   4   11   0   0   0   0   0   1   1   0  12  11   1   0   0   0   1   1   0   0  60  0.34 0.09
  486 L    -1  -2  -3  -3  -2  -2  -3  -3  -3   3   2  -2   4   2  -3  -2  -1  -2  -1   2    1   0   0   0   0   0   1   1   0  21  17   1  23   9   0   1   1   0   0  23  0.29 0.07
  487 E     1  -2  -1  -1  -2  -1   0   3  -2   1  -1  -1  -1  -2  -2   0  -1   4  -1   0   11   0   0   0   0   0  10  30   0  23   1   1   0   0   0  11   1   9   0   1  0.23 0.06
  488 D     0   2   0   1  -2   2   2  -1  -1  -2  -2   1  -1  -2  -1   1   0  -2  -2  -2   10  15   1  10   0  12  20   1   0   1   2   9   0   1   1  11   1   0   1   1  0.25 0.04
  489 R    -1   2  -1  -1  -3   0   0   0   4  -2  -1   3  -1  -2  -2   0  -1  -3  -1  -2    1  10   0   0   0   0   1   9  18   0  11  38   0   0   0  10   1   0   0   1  0.25 0.07
  490 L    -2  -2   2  -1  -2  -1   0  -3  -1   0   2  -2   0   3  -3  -1  -1  -1   2   1    0   0  19   0   0   0  10   0   0   0  25   0   0  21   0   0   0   0  11  13  0.18 0.05
  491 P    -1   0  -1  -1  -2   1   1  -2  -1   0   0   2   0  -2   2   1   1  -3  -2  -1    0   0   0   0   0   9   9   0   0  12  13  23   0   0  12  11  11   0   0   0  0.18 0.04
  492 W    -3  -4  -5  -5  -3  -3  -4  -4  -3  -4  -3  -4  -2   0   2  -4  -3  12   1  -4    0   0   0   0   0   0   0   0   0   0   0   0   0   0  10   0   0  90   0   0  2.68 0.21
  493 L     1  -2  -3  -4  -1  -2  -3  -3  -3   1   3  -2   3   2  -3  -2  -1  -2  -1   1   18   0   0   0   0   0   0   0   0   0  47   0  11  12   0   0   0   0   0  13  0.27 0.05
  494 A     3  -2  -2  -2   4  -2  -2  -1  -2  -1   0  -2  -1  -2  -2   0   2  -3  -2   0   50   0   0   0  13   0   0   0   0   0  13   0   0   0   0   0  23   0   0   0  0.31 0.07
  495 I    -1  -1  -2  -2  -2  -1   0  -3  -2   2   1   0   2   2  -3  -2  -1  -2  -1   2    0   0   0   0   0   0   9   0   0  23   9  12  11  13   0   0   0   0   0  23  0.16 0.04
  496 A     1  -2  -2  -2  -2  -2  -2   0  -3   1   2  -2   0  -1   2   0   2  -3  -2   0   12   0   0   0   0   0   0  10   0  12  31   0   0   0  11   0  24   0   0   0  0.18 0.04
  497 I    -1  -2  -2  -3  -2  -2  -2  -3  -3   3   1   0   0  -1  -3   0   0  -3  -2   3    0   0   0   0   0   0   0   0   0  36  11  13   0   0   0  12   0   0   0  28  0.21 0.05
  498 C     0  -2  -1  -2   4  -1  -1  -2  -2   0  -1  -1  -1  -2  -2   3   4  -3  -2   0    0   0   0   0  12   0   0   0   0  12   0   0   0   0   0  35  41   0   0   0  0.37 0.08
  499 V     0  -3  -4  -4  -2  -2  -3  -3  -3   2   3  -3   1   0  -3  -2  -1   5  -1   2   10   0   0   0   0   0   0   0   0  13  43   0   0   0   0   0   0  13   0  21  0.38 0.06
  500 L    -1  -2  -3  -3  -2  -2  -2  -3  -3   3   2   0   1  -1  -3  -2   1  -3  -2   2    0   0   0   0   0   0   0   0   0  44  23  13   0   0   0   0  12   0   0   9  0.24 0.05
  501 S     0  -2  -1  -1  -3  -1   1   4  -2  -3  -3  -1  -2   1  -2   2  -1  -2  -1  -3    0   0   0   0   0   0  11  51   0   0   0   0   0  12   0  26   0   0   0   0  0.49 0.07
  502 V     1  -2  -1   2  -2  -1   1   3  -2  -1  -2  -1  -2  -3  -2   0   1  -3  -3   0   21   0   0  13   0   0  11  31   0   0   0   0   0   0   0   0  12   0   0  12  0.26 0.04
  503 L    -1  -2  -2  -2  -2  -1   0   1  -2   1   1  -2   0  -2   5  -1  -1  -3  -2   0    0   0   0   0   0   0  12  13   0   9  22   0   0   0  35   0   0   0   0   9  0.47 0.05
  504 L    -2  -2  -3  -3  -2  -2  -2  -3  -3   3   2   0   1   2  -3  -2   0  -2   0   1    0   0   0   0   0   0   0   0   0  47  14  14   0  15   0   0  10   0   0   0  0.20 0.05
  505 P    -1  -2  -2  -3  -2  -2  -2  -3  -2   0   1  -2   4   2   4  -1   1  -2  -1  -1    0   0   0   0   0   0   0   0   0   0  12   0  32  15  28   0  14   0   0   0  0.45 0.06
  506 I     1  -2   1  -2  -1  -2  -2  -2  -2   2   1  -2   0  -1  -2  -1   0  -3  -2   3   20   0  14   0   0   0   0   0   0  14  15   0   0   0   0   0   0   0   0  37  0.17 0.04
  507 L    -1  -3  -1  -2  -2  -2  -3   4  -2  -1   1  -2   0   2  -3   0  -1  -2  -1  -1    0   0   0   0   0   0   0  46   0   0  28   0   0  15   0  11   0   0   0   0  0.34 0.05
  508 T     1  -2   2  -1  -1  -1  -2  -2  -2   0   1  -1   0  -2  -2   0   3  -3  -2   1   15   0  14   0   0   0   0   0   0   0  14   0   0   0   0   0  37   0   0  20  0.19 0.04
  509 M    -2  -3  -4  -4  -2  -3  -3  -4  -3   3   3  -3   3   2  -3  -3  -1  -2   0   1    0   0   0   0   0   0   0   0   0  29  43   0  14  14   0   0   0   0   0   0  0.38 0.05
  510 M     0  -3  -2  -3  -2  -2  -3   3  -2   1   0  -2   2   4  -3  -1  -2  -1   0   0   12   0   0   0   0   0   0  32   0  14   0   0  14  29   0   0   0   0   0   0  0.26 0.05
  511 V     1  -2  -1  -2  -1  -1  -2  -2  -2   2   0  -1   2  -2  -2   1   3  -3  -2   1   14   0   0   0   0   0   0   0   0  15   0   0  14   0   0  12  32   0   0  14  0.19 0.04
  512 G    -1  -2  -2  -3  -2  -2  -3   3  -3   0   2  -2   5  -1  -3  -2  -1  -2  -2   0    0   0   0   0   0   0   0  28   0   0  29   0  43   0   0   0   0   0   0   0  0.37 0.07
  513 G     0  -3  -1  -2   5  -2  -3   4  -3  -1  -2  -2  -2  -3  -2   0   2  -3  -3   0    0   0   0   0  23   0   0  43   0   0   0   0   0   0   0   0  20   0   0  14  0.47 0.06
  514 W    -2  -3  -3  -4  -3  -2  -3  -3   0  -1  -1  -3  -1   3   3  -2  -2   6   6   0    0   0   0   0   0   0   0   0   0   0   0   0   0  14  15   0   0  14  43  14  0.69 0.07
  515 P    -2  -2  -2  -3  -3  -2  -2  -3   4  -1   0  -2  -1   4   2  -2  -2   5   4  -2    0   0   0   0   0   0   0   0  15   0  14   0   0  26  14   0   0  11  20   0  0.51 0.06
  516 I    -1  -3  -4  -4  -1  -3  -3  -4  -4   3   2  -3   1  -1  -3  -2  -1  -3  -2   4    0   0   0   0   0   0   0   0   0  28  14   0   0   0   0   0   0   0   0  59  0.43 0.06
  517 L     0  -3  -3  -3  -1  -2  -3  -3  -3   3   2  -2   3   2  -3  -2  -1  -2  -1   2   14   0   0   0   0   0   0   0   0  25  14   0  15  12   0   0   0   0   0  20  0.23 0.04
  518 K     1   2  -1  -1  -2   0   0  -2  -1  -1   0   3  -1  -2  -2   1   1  -3  -2  -1   11  12   0   0   0   0   0   0   0   0  15  34   0   0   0  14  14   0   0   0  0.19 0.04
  519 L    -1  -1   1  -1  -2   3   0  -2  -1   0   2  -1   0  -1  -2   1   0  -3  -2  -1    0   0  11   0   0  27   0   0   0   0  41   0   0   0   0  20   0   0   0   0  0.19 0.05
  520 R    -2   5  -1  -2  -4   0  -1  -3  -1  -2  -2   3  -1   3  -3  -1  -2  -2   0  -2    0  52   0   0   0   0   0   0   0   0   0  20   0  28   0   0   0   0   0   0  0.51 0.07
  521 I    -1  -3  -4  -4  -2  -3  -3  -4  -3   4   1  -3   1   3  -3  -3  -1  -2   0   3    0   0   0   0   0   0   0   0   0  61   0   0   0  20   0   0   0   0   0  20  0.36 0.03
  522 Q    -1   3   0   0  -3   3   2   2  -1  -3  -3   2  -2  -3  -2   0  -1  -3  -2  -3    0  20   0   0   0  22  19  20   0   0   0  20   0   0   0   0   0   0   0   0  0.39 0.02
  523 Y    -1  -2  -2  -2  -2  -2  -2   2  -1   0   2  -2   0   0  -2   1  -1  -1   3  -1    0   0   0   0   0   0   0  19   0   0  39   0   0   0   0  20   0   0  22   0  0.17 0.02
  524 G     0  -2  -1  -2  -2  -1  -2   4  -2   0  -1  -2   2  -2  -2   1   0  -3  -2   1    0   0   0   0   0   0   0  41   0   0   0   0  20   0   0  19   0   0   0  20  0.27 0.03
  525 N    -1   3   4   0  -3   1   0  -1   0  -3  -3   3  -2  -3  -2   0  -1  -4  -2  -3    0  20  41   0   0   0   0   0   0   0   0  39   0   0   0   0   0   0   0   0  0.48 0.03
  526 S     1  -1   1   3  -2   0   0  -1  -1  -3  -3  -1  -2  -3  -1   4   1  -3  -2  -2    0   0   0  20   0   0   0   0   0   0   0   0   0   0   0  80   0   0   0   0  0.48 0.05
  527 D     0  -2   1   5  -3   0   1  -1  -1  -3  -4  -1  -3  -3  -1   3   0  -4  -3  -3    0   0   0  61   0   0   0   0   0   0   0   0   0   0   0  39   0   0   0   0  0.62 0.04
  528 F    -1  -3  -3  -2  -3  -2  -2  -3  -2  -2  -2  -2  -2   3   7  -1  -2  -2   0  -2    0   0   0   0   0   0   0   0   0   0   0   0   0  27  73   0   0   0   0   0  1.37 0.03
  529 L     3  -2  -3  -3  -1  -2  -2  -1  -2   0   2  -2   1  -1  -2   0  -1  -2  -2   0   50   0   0   0   0   0   0   0   0   0  50   0   0   0   0   0   0   0   0   0  0.20 0.00
  530 D     0  -1   1   4  -2   0   1  -1  -1  -3  -3   0  -2  -3  -1   3   0  -4  -2  -3    0   0   0  50   0   0   0   0   0   0   0   0   0   0   0  50   0   0   0   0  0.49 0.00
  531 M    -1  -2  -2  -3  -2   0  -2  -3  -2   1   2  -2   6   0  -3  -2  -1  -2  -1   1    0   0   0   0   0   0   0   0   0   0   0   0 100   0   0   0   0   0   0   0  0.36 0.01
  532 V    -1  -2  -3  -3  -1  -1  -2  -3  -2   2   2  -2   4   0  -3  -2   0  -2  -1   3    0   0   0   0   0   0   0   0   0   0   0   0  50   0   0   0   0   0   0  50  0.27 0.00

                      K         Lambda
Standard Ungapped    0.1358     0.3233
Standard Gapped      0.0397     0.2670
PSI Ungapped         0.1298     0.3177
PSI Gapped           0.0397     0.2670
