
Last position-specific scoring matrix computed, weighted observed percentages rounded down, information per position, and relative weight of gapless real matches to pseudocounts
            A   R   N   D   C   Q   E   G   H   I   L   K   M   F   P   S   T   W   Y   V   A   R   N   D   C   Q   E   G   H   I   L   K   M   F   P   S   T   W   Y   V
    1 M    -1  -2  -3  -4  -1  -2  -3  -4  -3   1   4  -2   4   0  -3  -2  -1  -2  -1   1    0   0   0   0   0   0   0   0   0   0  67   0  33   0   0   0   0   0   0   0  0.40 0.01
    2 G     3  -2  -1  -2  -1  -1  -2   4  -2  -2  -3  -1  -2  -3  -2   0  -1  -3  -3  -1   59   0   0   0   0   0   0  41   0   0   0   0   0   0   0   0   0   0   0   0  0.53 0.04
    3 C     1  -3  -3  -3   8  -3  -3  -2  -3  -1   1  -3   0  -2  -3  -1  -1  -3  -2  -1   21   0   0   0  57   0   0   0   0   0  21   0   0   0   0   0   0   0   0   0  0.70 0.06
    4 K    -1   3  -1  -2  -3   0   0  -3  -2   0  -2   5  -1  -3  -2  -1  -1  -4  -2   0    0  21   0   0   0   0   0   0   0  10   0  62   0   0   0   0   0   0   0   8  0.52 0.13
    5 R    -2   6  -1   0  -5   1   1  -3   2  -4  -3   2  -3  -4  -3  -2  -2  -4  -3  -4    0  67   0   5   0   6   5   0   6   0   0  11   0   0   0   0   0   0   0   0  0.94 0.23
    6 T     2  -1  -2  -2   2   0   0  -1  -2  -2   0  -1  -1  -3   0   1   4  -3  -3  -1   23   4   0   0   5   4   5   4   0   0   8   0   0   0   4   6  37   0   0   0  0.31 0.17
    7 P    -2  -4  -1  -4  -5   0  -3  -4  -4  -5  -3  -3  -4  -5   8   0   0  -6  -5  -4    3   0   3   0   0   4   0   0   0   0   3   0   0   0  77   5   6   0   0   0  1.95 0.51
    8 L    -1  -3  -2  -3  -3  -1  -2  -1  -3   2   4  -3   2   0  -1  -1  -1  -3  -2   1    2   0   2   0   0   2   3   5   0  11  47   0   6   2   3   5   3   0   0   9  0.34 0.20
    9 K     0   2   0  -1  -3   1   0  -1   1  -1  -2   2  -2  -3   1   1   1  -3   0  -1    9  15   3   2   0   9   2   4   3   3   2  15   0   0   8   9   8   0   3   5  0.17 0.12
   10 R    -2   4   0  -2  -4   3   2  -1   0  -4  -4   2  -3  -4  -1   0   0  -4  -3  -4    2  31   3   0   0  18  12   5   2   0   0  13   0   0   2   8   4   0   0   0  0.59 0.30
   11 K    -1   2   1   0  -4   3   1  -1  -2  -3  -1   3  -1  -3  -1   0   0  -4  -2  -2    2  12   5   5   0  18   6   4   0   0   8  22   1   0   2   6   4   0   2   3  0.30 0.21
   12 L     1  -1  -1  -2  -2   0  -1  -1  -2   1   1  -2   1   1   0   0  -1  -3  -1   1   11   2   4   0   0   4   4   4   0  12  14   0   5   9   5   8   3   0   0  14  0.09 0.11
   13 K     0   2   0   2  -4   2   3  -1   0  -3  -3   2  -1  -2  -1   0  -1  -4  -3  -3    7  12   5  10   0  12  19   4   2   1   2  12   2   1   3   6   2   0   0   1  0.30 0.20
   14 N     0   0   3   1  -3   0   1  -1   0  -2  -2   0  -3  -4   1   2   1   0  -3  -1    7   3  17   9   0   3   9   5   2   2   3   3   0   0   6  15  10   1   0   4  0.22 0.18
   15 M     1   0  -1  -2  -2  -3  -1  -2   1  -1   1  -1   7  -2  -1  -1  -1  -2  -2   0   15   5   2   2   1   0   3   2   3   2  10   3  34   1   4   3   3   1   1   5  0.55 0.39
   16 S     1   0   1   1  -1  -1   0   0  -2  -1  -2   0  -2  -2  -1   2   1  -4  -3   1   11   5   6   7   1   1   7   6   1   2   3   4   0   1   3  21   9   0   0  11  0.16 0.18
   17 S     0   0   0   0  -3   0   1   0   0  -1  -2   0  -2  -1  -3   3   2   0  -2  -2    6   4   5   4   0   4  10   8   3   3   4   5   0   3   0  23  13   2   1   2  0.18 0.20
   18 S    -1  -1  -1   0  -4   0   0  -2  -3  -1  -1  -1  -2  -4   3   3   1   3  -2   0    4   4   3   5   0   3   6   2   0   3   5   3   0   0  15  23  10   4   1   6  0.30 0.27
   19 A     1  -1   0  -1  -5   1   2   0   0  -5  -3   2  -4  -4   2   1   1  -5  -3  -3   14   3   4   4   0   7  11   8   3   0   2  13   0   0   9  12  10   0   0   1  0.31 0.27
   20 G    -1   0   1   1  -6  -2  -1   5  -1  -6  -5   2  -6  -4   1   0  -3  -6  -6  -5    5   4   7   7   0   2   4  39   1   0   1  12   0   1   6   8   1   0   0   1  0.70 0.43
   21 K    -2   3  -2  -4  -4   0   0  -1   0  -2  -3   5  -3  -6  -4   1  -2   2  -4  -3    3  16   2   1   0   4   6   5   2   2   3  39   1   0   1   9   2   3   0   2  0.77 0.49
   22 L    -4   2   1  -4  -1  -3  -5  -5  -1  -1  -1   3  -5  -4  -6   1   4  -2  -4   2    1  12   7   1   1   1   0   1   1   3   6  16   0   1   0   9  25   1   1  14  0.60 0.44
   23 V     2  -8  -9  -9   1  -8  -8  -8  -9   5  -3  -8  -5  -7  -8  -7  -5  -3  -3   6   13   0   0   0   3   0   0   0   0  31   2   0   0   0   0   0   0   1   1  48  1.75 0.83
   24 C    -3  -8  -9  -9   1  -8  -8  -9  -8   2   6  -8  -1   3  -8  -6  -2  -1  -4   1    3   0   0   0   3   0   0   0   0   8  62   0   1  10   0   0   3   1   0   8  1.48 0.73
   25 V    -6  -9  -9  -9  -7  -9  -9 -10  -9   5   1  -9  -1  -4  -9  -8  -7  -9  -8   7    0   0   0   0   0   0   0   0   0  25  13   0   1   1   0   0   0   0   0  59  2.05 0.94
   26 T    -3  -9  -8  -9  -8  -8  -8  -7  -9   0  -3  -8  -4  -1  -9  -3   8 -10  -5  -1    2   0   0   0   0   0   0   0   0   6   4   0   1   3   0   2  79   0   0   4  2.36 1.20
   27 G    -5 -10  -8  -9 -10 -10 -10   8 -10 -12 -12  -9 -11 -11 -10  -8  -9 -10 -11 -11    1   0   0   0   0   0   0  99   0   0   0   0   0   0   0   0   0   0   0   0  3.31 1.45
   28 A     5  -6  -7  -8  -2  -4  -7   5  -1  -3  -7  -7  -7  -8  -5   0  -3  -9  -8  -2   43   0   0   0   1   1   0  38   2   2   0   0   0   0   1   6   2   0   0   4  1.45 0.80
   29 A     3  -3   1  -4   1  -5  -6   0  -7  -5  -4  -6  -7  -6  -7   2   6  -9  -8  -6   24   2   6   1   2   0   0   8   0   0   2   0   0   0   0  14  39   0   0   0  1.17 0.73
   30 G    -5  -2  -7  -4 -10  -4  -7   7  -5 -11  -9  -3 -10 -10  -9   0  -5 -10 -10  -8    1   3   0   1   0   1   0  85   0   0   0   2   0   0   0   6   1   0   0   0  2.48 1.17
   31 Y    -4  -4  -3  -8  -8   0  -5   2  -2  -4  -2  -5   1   7  -9  -1  -3  -2   4  -6    2   1   2   0   0   4   1  16   1   1   5   1   3  44   0   5   2   1  13   0  1.40 0.73
   32 I    -6  -9  -7  -3  -3  -5  -9 -10  -9   6   4  -7  -2  -1  -9  -7  -3  -8  -7   2    1   0   0   2   1   1   0   0   0  46  32   0   1   3   0   0   2   0   0  12  1.62 0.80
   33 A    -1 -10  -8  -9 -10  -9 -10   8 -10 -11 -11  -9 -10 -10 -10  -8  -9 -10 -10 -10    6   0   0   0   0   0   0  93   0   0   0   0   0   0   0   0   0   0   0   0  3.05 1.42
   34 S     0   3  -1  -6  -2   0  -2  -3  -3  -4  -2   2  -3  -1  -7   5  -1  -1  -3  -4    8  15   2   0   1   5   3   2   1   1   5  10   1   3   0  36   4   1   1   1  0.69 0.53
   35 W     2   1   2  -5  -2  -1  -1  -4   7  -4  -5  -5  -4   0  -6  -2  -3   2   3  -2   19   8   9   1   1   3   5   1  27   1   1   0   0   4   0   3   2   2   8   4  0.97 0.60
   36 I    -3  -8  -9  -9  -3  -6  -8  -9  -8   5   4  -8   0   0  -8  -6   1  -4  -3   2    3   0   0   0   1   0   0   0   0  31  35   0   2   4   0   0   9   0   1  14  1.29 0.68
   37 V     2  -5  -7  -6   2  -7  -6  -4  -4   1   1  -6  -1  -5  -7  -2   0  -7  -3   5   18   1   0   0   4   0   0   1   0   8  15   0   1   0   0   3   5   0   1  41  1.02 0.59
   38 K    -1   3   0   0  -2   1   2  -4   0  -2  -1   3  -1  -3  -3  -1  -2  -1  -2  -1    6  17   5   5   1   6  13   1   2   2   7  19   2   1   1   4   2   1   1   5  0.38 0.30
   39 F     2   3  -2  -1  -3   2   2  -2   3  -3  -1   1  -1  -2  -5  -1  -1   0  -1  -2   16  15   1   3   1  10  11   3   6   2   6   7   2   2   0   5   4   2   2   3  0.30 0.27
   40 L    -2  -6  -8  -8   0  -7  -8  -8  -8   0   6  -8   0   0  -8  -2  -5  -1  -5  -4    4   1   0   0   2   0   0   0   0   6  73   0   2   4   0   4   1   1   1   1  1.72 0.86
   41 L     1  -3   1  -4   0  -3  -4  -3  -1   2   4  -1   0  -3  -5  -2  -3  -6  -4   2   12   2   8   1   2   1   1   2   2  10  36   4   2   1   0   3   2   0   1  12  0.55 0.36
   42 E     1   3   1   2  -5   2   3  -3  -2  -5  -4   3  -4  -6  -4  -1  -3  -7  -5  -5   14  12   5   9   0   9  20   2   1   1   2  15   0   0   1   5   2   0   0   1  0.58 0.42
   43 R     0   4   1   1  -4   2   2  -4   1  -4  -1   1   0  -2  -4   0  -1  -4  -3  -4    9  19   7   7   0  10  11   1   3   1   6   8   2   2   1   7   3   0   1   1  0.37 0.31
   44 G    -3  -4   0   1  -1  -3  -3   6  -2  -5  -6   0  -1  -5  -1  -1  -3  -6  -3  -3    3   1   4   6   1   1   2  56   1   1   1   5   1   1   4   5   2   0   1   3  1.12 0.62
   45 Y     2  -2  -2   0  -4   0  -1  -5   5   0  -4  -2  -3   1   1  -1  -4   0   5  -3   15   3   2   5   0   4   4   1  13   6   2   2   1   6   7   4   1   1  20   2  0.63 0.42
   46 T    -2   1   2   1   0   2   2  -3   2  -2  -3   3  -3  -4  -1   0   1  -4  -2  -3    4   8   8   8   2   7  13   2   5   3   2  15   1   1   3   5  10   0   1   2  0.32 0.27
   47 V    -4  -4  -4   0  -1  -6  -5  -5  -3   2  -2  -4  -4  -3  -4  -4   0  -4  -3   7    1   1   1   5   1   0   1   1   1   9   5   1   0   1   1   2   5   0   1  62  1.45 0.73
   48 R    -2   3   0  -5  -3  -4  -4  -5   2   4  -1  -1  -3   0  -5  -3   0  -2   2   3    3  17   4   1   1   1   1   1   5  19   6   4   1   3   1   2   6   1   7  17  0.54 0.35
   49 A     2  -4  -2  -5   4  -6  -3   2  -3   3   1  -5  -3  -4  -5  -2  -3  -6  -4   3   18   1   2   0   9   0   2  14   1  17  11   1   1   0   1   3   2   0   1  18  0.63 0.39
   50 T     0  -4  -1  -2  -2  -5  -5  -3  -2   2   3  -4  -1   1  -2  -2   2  -5  -3   2    9   1   3   3   1   0   1   2   1   9  31   1   1   5   2   3  12   0   1  15  0.47 0.32
   51 V     0  -5   0   4  -1  -3  -5  -2  -1   0  -2  -2  -4  -3  -6  -1  -1  -6   1   5    7   1   4  21   1   1   0   4   2   5   4   2   0   1   0   4   4   0   4  32  0.64 0.42
   52 R    -3   7   2   1  -4  -4  -4  -5  -2   0  -1   0  -3  -4  -6  -4  -5  -7  -3  -3    3  51   9   7   0   1   1   1   1   6   7   5   1   1   0   1   1   0   1   2  1.25 0.68
   53 N     0  -1   2   3  -3  -1  -1   0   1  -4  -1   0  -3  -1  -1   2   0  -5  -1  -2    6   4   9  18   0   2   4   6   3   1   5   5   1   3   3  18   6   0   3   4  0.27 0.24
   54 P     0  -1   1  -2   1   0   1  -1   1  -2   0   1  -3   0   3   1  -1  -4  -2  -1    6   4   7   2   3   3   9   4   3   2  10   8   0   5  15  11   3   0   1   4  0.17 0.17
   55 N     0   1   0   2  -1  -1   1   0  -2  -2  -1   0  -2  -1  -1   1   1  -3   0  -2    6   7   5  11   1   3  11   7   1   2   6   6   1   3   2  12  10   0   3   3  0.13 0.14
   56 D     0   0   2   3  -3  -1   0  -1  -1  -2  -3   1  -3  -2   2   1  -1  -5  -1  -2    8   5   9  16   1   2   5   4   2   2   3  10   1   2  11  10   4   0   2   3  0.25 0.22
   57 H     1  -1   0  -1  -2   1   1   1   0   0   0   0   0  -2  -1   0  -1   1   0  -1   12   4   4   3   1   8  10   9   2   6   9   5   3   1   3   6   4   2   4   4  0.05 0.08
   58 T     0   0   0   2  -1   1   2  -1   0  -1   0   1  -2  -2   1   0   1  -3  -1  -2    8   6   3  10   1   6  14   4   2   3   8   8   1   1   6   5   8   0   2   3  0.12 0.13
   59 K     1   3   1   0  -5   0   0   0   1  -3  -3   4  -4  -4   0   0  -3   2  -2  -3   10  14   5   5   0   4   5   6   3   2   3  21   0   1   5   7   2   3   2   2  0.34 0.26
   60 V     1  -1   0  -2  -2   0  -2  -2   0   1   1  -1   0   1  -2   0   0  -2  -2   2   12   4   5   2   1   4   2   3   2   9  16   4   1   6   2   6   5   0   1  16  0.12 0.11
   61 E     0   0  -1   1  -2   1   2  -2   0   0   0   1  -1  -1  -2   0   0  -1  -2   0    9   6   3   6   1   6  13   3   2   4  10  11   2   2   2   8   4   1   1   7  0.09 0.10
   62 H     0   1   3   1  -4   0   2   0   4  -3  -2   1  -1  -1  -1  -1  -2   0  -1  -2    9   8  13   6   0   3  12   6   8   1   3   8   2   2   3   5   2   1   2   3  0.24 0.19
   63 L     0  -1  -1  -2  -4  -1  -1  -4  -4   1   4  -2   1   1  -3  -2  -1  -2  -2   1    7   4   4   3   0   2   5   1   0   8  35   3   2   5   1   3   3   1   1  10  0.36 0.22
   64 L     0   0  -1  -1  -1   0   0  -2  -2   1   2   0   1  -1  -2   0   0   0  -1   1    7   6   2   4   1   3   5   3   1   7  24   5   3   3   2   7   5   1   2   9  0.11 0.10
   65 K    -1   1   0   2  -4   1   3  -1  -1  -1  -2   2  -2  -3  -1   1  -1  -1  -3  -1    5   8   4  10   0   6  17   5   2   3   4  14   1   1   3   9   4   1   1   4  0.24 0.20
   66 L     0   0   0  -1   1   0   0  -1  -1   0   2   0   0   0  -1  -1  -1   0  -1  -1    9   6   4   4   3   4   6   4   2   6  24   6   2   4   2   5   3   1   2   4  0.07 0.08
   67 E     1  -1  -1   0   0   1   1  -1  -1   0  -1   0  -1   0   2   0   0   2  -1  -1   10   3   3   5   2   8  11   4   2   5   7   5   2   4   9   7   5   3   2   5  0.08 0.10
   68 G     0  -1   1   1  -2  -1   0   3   0  -1  -2   0  -2   2   0   0  -1  -1  -1  -2    7   2   6   8   1   3   6  21   3   3   5   7   1   8   5   6   4   1   2   2  0.17 0.14
   69 A     1  -1   0   0   0   0   0   0   0   0   0   0  -2  -1   0   1   0  -2   0  -1   14   3   5   4   2   3   6   8   2   5   9   6   1   3   3  12   5   1   4   4  0.05 0.07
   70 K    -1   1   2   1   0   0  -1   1   3  -3  -1   2  -2  -2   0   1  -2   1  -3  -3    4   7   9   8   2   4   4  12   6   1   6  12   1   1   5  10   2   2   1   2  0.19 0.17
   71 E     1  -1   0   2  -2  -1   2   0   0  -1  -2  -1  -4  -3   3   1   0  -3  -2  -2   11   3   5  11   1   3  13   6   2   4   3   3   0   1  14   9   5   0   2   3  0.25 0.22
   72 R    -1   4   2  -1  -5   0  -1   0   0  -2  -3   4  -3  -1   0  -1  -3  -4  -2  -2    4  18  10   3   0   4   4   8   2   2   3  23   1   3   4   4   2   0   2   2  0.45 0.30
   73 L    -1  -4  -4  -2  -2  -4  -1  -4  -3   3   2  -3   0   3  -3  -3  -3  -4   0   3    6   1   1   2   1   1   4   2   1  16  22   2   2  11   2   2   2   0   3  21  0.53 0.30
   74 H    -1   1  -1  -1  -2   1   2  -4   3   0  -2   1  -2  -1  -2   0   2  -1  -1  -1    5   9   3   3   1   6  12   1   7   6   4  10   1   3   2   7  13   1   2   5  0.20 0.19
   75 L    -1  -2  -3  -5   0  -2  -3  -3   0   1   2  -3   1   4  -1  -2   0   2   1   2    5   2   1   0   2   2   2   2   2   9  16   1   3  19   3   4   6   3   4  13  0.34 0.23
   76 F    -2  -3  -3  -2   0  -2  -1  -3   2   3   1  -3   0   1  -3  -2  -2   3   1   3    3   1   1   2   2   1   4   3   6  15  14   2   2   6   1   3   2   4   5  23  0.37 0.25
   77 K    -1   1  -1  -1   0   2   2  -3   0   1  -1   1  -1  -2  -1   0  -1  -1   0   0    6   8   3   3   2  10  15   2   2   8   5  10   1   2   3   5   3   1   4   7  0.15 0.16
   78 A     3  -3  -4  -2   1  -3  -1   4  -1  -3  -2  -3  -1  -2  -1   0   0   1  -2   0   20   1   0   2   3   1   4  33   1   2   5   2   1   2   3   6   5   2   1   6  0.51 0.36
   79 D    -5  -3   0   8  -7  -3  -1  -4  -1  -3  -7  -3  -2  -7  -3  -1  -3  -8  -7  -7    1   2   5  69   0   1   3   2   2   2   0   2   1   0   2   6   2   0   0   0  1.97 0.98
   80 L    -1  -4  -3  -6  -1  -3  -6  -4  -6   3   4  -6   1   1  -4  -4  -2  -5   2   2    5   1   2   0   1   1   0   2   0  18  37   0   3   5   1   1   2   0   6  14  0.76 0.44
   81 L    -1   2  -1  -2   2  -1  -1  -1   0  -2   0  -1   2   0  -1   1   2   2  -1  -1    6  11   3   3   3   3   4   4   3   3   9   4   5   4   3  12  11   3   3   4  0.13 0.14
   82 G    -2  -2   1   5   1   0   0  -2   2  -2  -3  -1   0  -7  -2   1   0   2   0  -2    4   3   6  26   3   4   6   3   4   3   3   4   3   0   3   9   6   3   3   3  0.42 0.32
   83 E     0   1  -2  -1  -3   0   2  -3   1  -3  -1   1  -1  -2   4   0  -1   0   0  -2    9   7   2   4   1   3  13   2   3   1   7   9   1   2  18   7   3   1   3   3  0.26 0.26
   84 N     0  -1   0   4  -3   2   4  -1   0  -3  -3  -1  -2  -3  -1   0  -1  -6  -2  -4    7   3   4  19   1   9  22   5   2   2   3   3   1   1   3   8   4   0   1   1  0.47 0.39
   85 S     2  -1   0   2   0   1   1  -2  -2  -2  -1  -1  -2  -1  -4   2   0   1  -1  -2   15   4   4  13   2   6   9   3   1   2   7   3   1   3   1  15   5   2   2   3  0.21 0.23
   86 F    -2  -4  -4  -5   1  -3  -5  -5  -3   2   3  -6   1   4  -7  -4  -2   5   2   2    3   1   1   1   2   1   1   1   1  10  28   0   3  16   0   1   3   7   6  13  0.77 0.45
   87 D     0   2   0   2  -3   1   2  -2   1  -2  -2   1  -2  -3  -1  -1   0  -5  -2   0    6  10   3  13   1   5  15   3   4   2   5   9   1   1   3   4   5   0   2   8  0.21 0.21
   88 S     0   2   0   0  -6   1   3  -3   1  -4  -3   3  -2  -3  -1   1  -1  -1   0  -4    9  10   4   6   0   7  17   2   3   1   3  15   1   1   3   9   4   1   3   1  0.33 0.30
   89 I     3  -2  -3  -3   0  -2  -3  -2   0   2   3  -3   0  -3  -2  -1  -2   0  -3   1   24   2   1   2   2   2   1   4   3  11  23   2   2   1   2   4   3   1   1  10  0.39 0.30
   90 V     0  -4  -4  -4   1  -2  -4  -5  -3   3   2  -3   2   4  -4  -2  -2  -1  -2   2    9   1   1   1   3   2   1   1   1  16  18   2   5  17   1   3   2   1   1  15  0.57 0.36
   91 E     2   0   1   2  -2   3   2  -1   1  -3  -4   2  -2  -3   0   0  -2  -6  -3  -3   15   5   6   9   1  12  11   4   4   1   1  14   1   1   5   6   2   0   1   1  0.34 0.31
   92 G    -1   0   2   1  -2   2   1   3   0  -4  -4   2  -2  -6  -2   0  -2  -1  -6  -3    4   4   9   8   1   8   7  25   2   1   2  13   1   0   2   7   3   1   0   2  0.43 0.34
   93 C     0  -5  -7  -5   5  -4  -7  -4   0   5  -2  -4  -2   0  -3  -2   0  -7  -2   4    8   1   0   1  10   1   0   1   2  25   4   1   1   5   1   3   6   0   1  29  0.88 0.53
   94 D    -3  -1   0   6  -1  -1   1  -3   0  -5  -7  -3  -7  -7  -5   0   2  -2  -5  -4    3   3   5  48   1   2   9   2   2   1   0   2   0   0   1   7  11   1   1   1  1.19 0.71
   95 G     1  -1  -1   0   2  -1  -1   1   1   0   0  -1   0  -1  -1  -1  -1   2   0   2   12   3   3   5   4   3   3  10   3   5  10   5   3   3   3   5   3   3   3  13  0.07 0.06
   96 V    -2  -1  -7  -1   2  -7  -7  -7  -7   4   0  -7   1   0  -1  -7  -1   3   1   5    4   4   0   4   4   0   0   0   0  18   9   0   4   4   4   0   4   4   4  31  0.84 0.39
   97 F    -1  -2  -4  -2   0  -1  -4  -4  -3   4   0  -4   1   4  -4  -2  -1   2   2   2    4   3   0   3   2   3   0   0   0  27   5   0   3  22   0   3   3   2   6  12  0.50 0.34
   98 H    -3  -4   3  -2   0  -1  -2  -2   9  -5  -2  -2  -1  -2  -2  -1  -3  -5  -1  -5    2   0  13   2   2   2   2   3  54   0   4   2   1   2   2   4   2   0   2   1  1.63 0.75
   99 T     0  -2   2  -2   4  -1  -1  -3  -3   0   1  -1   0   2   0  -1   1   0  -1   1    7   2  14   1   9   2   3   0   0   3  13   3   2   9   4   4   9   1   2  11  0.17 0.19
  100 A     6  -5  -3  -6  -5  -2  -5   1  -6  -2  -3  -5   1  -3  -5  -1  -2  -6  -6  -1   63   0   2   0   0   2   1  10   0   3   3   0   3   1   0   5   3   0   0   4  1.29 0.68
  101 S     4  -4  -2  -4  -1  -2  -4   3  -2  -2  -4  -4  -5  -2  -5   2   1   2  -3  -2   32   1   1   1   1   2   1  24   1   2   2   1   0   2   0  13   7   3   1   3  0.69 0.46
  102 P     0  -2  -2  -2   3   0  -1   0   0   1   0  -2  -1   0   4  -1   0  -1   0   0    7   2   2   2   5   4   4   6   2   8   9   3   1   3  21   4   5   1   4   6  0.24 0.19
  103 F     0  -1  -2  -3   1  -2  -2  -1  -2   1   0  -1   3   1  -2   1   0   1  -1   2    8   3   2   1   3   1   2   4   1   6   9   4   8   7   2  10   7   2   1  17  0.15 0.15
  104 I     0  -1   0   3  -2   1  -1  -1   4  -2   0  -2   0  -2   1   1  -1  -2  -2  -1    7   4   4  15   1   6   4   4  11   2   9   2   2   2   6  11   4   1   1   4  0.21 0.20
  105 I    -1  -1  -2  -2  -2  -3  -3  -1  -2   1   0  -2   0   3   0   0   0   3   1   3    4   4   2   2   1   1   2   5   1   6   7   2   2  13   6   7   7   3   4  22  0.26 0.23
  106 N     0  -1   2   1  -3  -2   0   1   0  -2  -1   0   1  -1  -1   1   1   3  -2  -2    6   3  10   8   0   1   5  12   2   2   6   6   3   3   3  12   8   5   1   2  0.14 0.16
  107 V    -1   0   0   0  -3  -1   1   0   0   0  -1  -1  -1  -1   0   1   1   0   1   0    3   5   4   5   0   2  12   6   3   6   5   3   2   3   4  10  10   1   6   8  0.07 0.10
  108 K     0   0   0   0  -1   0   1  -1   1  -2  -2   0   1  -1   0   1   1   3   0  -1    7   5   4   5   1   5  10   3   3   1   3   7   4   3   5  13   8   5   3   6  0.12 0.15
  109 D    -1   0   3   4  -3   1   2  -1  -2  -1  -1   0  -3  -2  -4  -1  -1  -5   2  -2    5   4  12  20   1   6  13   4   1   3   6   5   1   2   1   4   4   0   6   3  0.33 0.27
  110 P    -1   1   2  -1  -4  -1   0  -1   0  -1  -1   0  -2  -1   3   0   1  -2  -1  -2    5   7  11   4   0   3   6   5   2   4   6   5   1   3  17   7   8   1   2   2  0.22 0.20
  111 Q     0   1   0   0  -2   1   1   0  -1  -2  -2   0  -1   0   2  -1  -2   3   2  -1    7   7   4   5   1   5  10   7   1   2   5   6   1   4  12   5   2   4   8   4  0.16 0.16
  112 A     0   0   0   1   0   1   2  -2  -1  -1   0   1  -1   0  -1   0  -1  -2   1   0    8   4   4   7   2   7  13   2   1   4  11   8   2   5   3   6   3   0   4   5  0.06 0.09
  113 D     0   1  -2   2  -4   1   3  -3   0  -3  -1   1  -1  -2  -3   1   1  -3   0  -2    6   6   2  11   0   6  20   2   2   2   5  10   2   2   1   9   7   0   4   2  0.27 0.24
  114 L    -1  -4  -3  -4  -1  -2  -4  -4  -1   2   2  -5   4   3  -2  -2   0  -4   3   2    5   1   1   1   1   2   1   2   2  11  17   0   9  10   2   3   6   0  10  14  0.44 0.29
  115 L    -2   0  -4  -3  -1  -1  -2  -4  -2   3   1   0   4   3  -5  -3  -1   2   3   0    4   5   1   2   2   3   3   1   1  15  12   6  10  12   0   2   4   3  10   6  0.38 0.26
  116 D     0   2   0   4  -4   1   2  -1   1  -3  -3   1  -2  -2  -2  -1   0  -5  -1  -4    7   9   4  20   0   7  13   5   4   2   2  10   1   2   2   4   5   0   2   1  0.34 0.27
  117 P     0  -2   2  -2  -2  -2  -2  -4  -2   1  -1  -2  -2  -5   2   0   1  -5  -5   4    8   3  12   2   1   2   2   1   1   6   6   2   1   0  11   8  10   0   0  25  0.40 0.32
  118 A    -1  -2   8   1  -4  -1  -3  -5  -2  -2  -5  -3  -2  -1  -6  -3  -2  -7  -4  -4    6   3  59   8   0   3   2   1   1   3   1   1   1   3   0   2   3   0   1   1  1.58 0.82
  119 V    -2  -4  -3  -6  -3  -3  -4  -4  -2   3   1  -4   0   1  -5  -3   0   0   2   4    4   1   2   0   1   1   1   2   1  15  14   1   2   7   0   2   5   1   7  33  0.66 0.39
  120 K    -1   1   0   0  -2   1   2  -1   0   0   0   1   0  -2  -3   0   0  -4  -1   0    4   8   4   6   1   6  12   5   2   7   9  10   3   1   1   5   7   0   2   7  0.09 0.10
  121 G     2  -4  -1  -3  -3  -5  -2   6  -3  -1  -4  -4  -2  -3  -4   0  -3  -5   1  -2   14   1   3   2   1   0   3  50   1   3   2   1   1   1   1   6   2   0   5   3  0.98 0.56
  122 T     0  -5   0  -5  -1  -1  -5  -4  -3  -1  -1  -2   1  -1  -1   1   5  -5  -2   0    8   0   4   0   1   3   1   2   1   3   6   3   4   3   4   8  40   0   2   7  0.69 0.48
  123 L    -2   2  -2  -2  -2   1  -1  -3   0   1   2   2   0   2  -3  -2  -2   0   0   0    4  11   1   2   1   6   5   2   2   9  21  11   2   8   1   2   3   1   2   6  0.20 0.18
  124 N    -1   2   6  -1  -6   0   1  -2   2  -3  -2   0  -3  -2  -3  -1  -1  -2  -2  -2    6  10  31   3   0   5   8   3   4   1   5   6   1   2   1   4   4   1   1   3  0.55 0.39
  125 V    -2  -4  -5  -6  -1  -4  -5  -4  -3   3   4  -6   2  -4  -5  -3  -3  -4  -4   4    4   1   1   0   1   1   1   2   1  14  41   0   4   0   1   2   2   0   1  24  0.98 0.54
  126 L     0  -5  -7  -6  -2  -5  -7  -5  -3   4   5  -5   0   0  -7  -4  -2  -4  -1   2    7   1   0   1   1   1   0   1   1  18  44   1   2   3   0   2   3   0   2  13  0.96 0.53
  127 K    -1   2   0   3  -5   2   4  -4   3  -3  -3   2  -4  -4  -4  -2  -3  -1  -4  -4    6  12   4  13   0   8  24   1   6   2   3  11   0   1   1   3   2   1   0   1  0.59 0.42
  128 S     5  -3  -2  -4  -1  -2   0  -3  -3  -3   0  -4  -1   0  -4   1  -1   0   1  -2   45   1   2   1   1   1   5   2   1   1  10   1   2   3   1   8   4   2   4   3  0.68 0.48
  129 C     4  -4  -6  -6   8  -6  -5  -2  -3   2  -1  -5   0  -2  -6  -2  -3  -6  -4   1   32   1   0   0  26   0   1   3   1  11   5   1   3   2   0   3   2   0   1   8  1.18 0.63
  130 V     1   1  -2  -2  -1   0  -2  -3   0   1   1   2   3  -2  -3   0   0  -4  -1   1   12   9   2   2   1   4   1   2   2   7  13  11   7   2   1   6   6   0   2  10  0.15 0.15
  131 K    -1   4   0   0  -4   2   3  -3  -2  -4  -5   3  -2  -5   0  -1  -1  -6  -4  -4    6  19   5   4   0  10  16   2   1   1   1  20   1   1   4   4   4   0   1   1  0.58 0.41
  132 S     3   0   0   0   1   0   0  -2   3  -2  -2   0   0  -3  -3   1   0  -2   0  -1   25   5   5   5   2   4   7   3   7   2   4   5   2   1   1   9   5   1   4   5  0.20 0.20
  133 P     1   1   2   0  -3   0  -1   2   1  -2  -1   1   0   0   1  -1  -2   0  -1  -3   12   9  10   5   0   3   3  15   4   2   6   7   3   4   7   4   2   1   2   1  0.16 0.16
  134 S    -1   1   2  -1  -3  -1  -1   3   0  -3  -2   1  -3  -4  -1   1   0  -5  -2  -3    6   6  11   3   1   3   4  24   2   1   4  10   1   1   4  11   7   0   2   2  0.32 0.25
  135 V    -1  -2  -2  -3   0  -1  -2  -2  -2   3   0  -1  -2  -2   0  -2  -1  -4  -3   4    6   2   2   1   2   3   3   3   1  14  10   4   1   2   5   4   3   0   1  33  0.44 0.29
  136 K    -2   1  -1  -1  -2   1   0   1  -2  -2  -4   5  -2  -2   3  -1  -3  -3  -5  -3    3   8   3   3   1   6   7   9   1   3   2  31   1   2  13   4   2   0   0   1  0.54 0.39
  137 R     0   6   0  -4  -3   0  -3  -4   3  -2  -3   3  -2  -2  -1  -1  -2  -5  -2  -2    7  36   4   1   1   4   2   1   6   2   2  18   1   2   3   4   3   0   2   3  0.78 0.49
  138 V    -3  -6  -7  -7  -1  -7  -7  -5  -7   3   2  -7  -1   7  -3  -5  -3  -5   0   2    2   1   0   0   1   0   0   1   0  17  18   0   1  36   2   1   2   0   2  15  1.27 0.65
  139 I    -4  -4  -5  -6  -4  -1  -6  -7   2   5   1  -4  -2   0  -6  -4  -2  -2  -2   5    1   1   1   0   0   3   0   0   5  31  11   1   1   4   0   2   2   1   1  35  1.10 0.59
  140 L    -4  -6  -1  -6  -6  -2  -6  -5   4   0   1  -4  -1   6  -5  -5  -4  -1   6   0    2   0   4   0   0   2   0   1  10   5  13   1   1  28   1   1   1   1  22   6  1.13 0.60
  141 T     1  -4  -2  -5   1  -1  -4  -4  -2   2   0  -4   1   0  -1   1   3  -5  -1   3   11   0   2   0   2   3   0   1   1  13   8   1   3   4   3   9  19   0   2  17  0.39 0.31
  142 S    -2  -6  -4  -5  -3  -3  -6  -2  -6  -4  -6  -6  -4  -4  -6   7  -1  -7  -6  -2    4   0   1   1   1   2   0   3   0   1   1   0   1   1   0  78   4   0   0   3  1.94 1.06
  143 S    -2  -4  -4  -5  -1  -4  -4  -3  -1  -5  -6  -4  -6  -5  -6   6   4  -7  -6  -4    3   1   1   0   2   1   1   2   1   1   1   1   0   1   0  61  22   0   0   1  1.63 0.93
  144 V     3  -3   0   1   0  -1  -2   0  -4   2   0  -3   1  -1  -2   1  -2  -3  -2   1   22   1   4   7   2   2   1   6   0  12   8   1   4   2   2  12   2   0   1   8  0.21 0.21
  145 A     3  -2  -1  -1   0  -1   1   2  -1  -2  -3  -1  -2  -2  -4   2   1  -3  -1  -2   22   2   3   3   2   2  10  15   1   3   3   3   1   2   0  16   7   0   2   2  0.31 0.28
  146 A     3  -4  -5  -4  -1  -5  -4   0  -3   0  -2  -5  -2  -5  -4   0   2  -5  -2   5   20   1   0   1   1   0   1   6   1   4   4   0   1   0   1   6  14   0   1  36  0.74 0.48
  147 V     0  -3  -2  -3   1  -2  -2  -3  -1   1  -1  -3  -1   1  -2  -2   0  -3   6   3    9   1   2   2   3   2   3   2   1   7   6   2   1   5   2   3   5   0  25  18  0.52 0.33
  148 A    -1  -2   0  -1  -2  -2  -3   4   0  -1  -2  -1   1   1  -1  -1  -2  -1   0   0    4   3   5   4   1   2   1  36   2   4   4   3   4   7   3   4   2   1   3   6  0.41 0.27
  149 Y    -1  -1   0   1  -2  -1  -1   1  -1   0   0  -1   2   1   2  -1  -1   0   3  -1    4   3   4   9   1   2   5   9   1   5   7   4   5   7  11   4   3   1  11   4  0.13 0.13
  150 N     0  -1   2  -1   1  -1  -1   2   0  -1  -1  -2   1   0   1   0   0  -1   1  -1    6   4  13   4   3   3   3  14   2   4   6   2   4   3   8   7   6   1   6   4  0.11 0.13
  151 K     0  -1   1   1  -3   1   1   1   1  -1  -2   0  -2  -2   1   1   1  -3  -1  -2    7   3   6   8   0   6   8  12   3   4   4   6   1   2   6  10   8   0   2   2  0.11 0.11
  152 R    -1   0   1   1  -2   1   0  -1   2  -1  -1   1  -2  -1   2  -1   0   0   1  -1    5   6   6   8   1   7   6   5   6   4   7   8   1   2  10   3   6   1   6   4  0.10 0.10
  153 P    -1  -1  -1   0  -2   2  -1  -1  -1   0   0   0   0  -1   3   0  -1  -1  -1   0    4   4   3   6   1   9   4   4   2   5  10   6   3   3  16   9   4   1   2   6  0.14 0.13
  154 K     0   1   1  -1  -2  -1   1   1   0  -2  -2   1  -1   0   2   0   0  -2   0  -1    7   7   7   3   1   2   8  13   3   2   3  10   1   4   9   6   6   0   3   4  0.11 0.10
  155 S     0   0   0   1  -1   0   0   1   0   0  -1   0   0  -1   0   0   0  -1   0   0    6   4   5  10   2   5   7  10   2   6   6   4   2   3   5   7   7   1   4   6  0.04 0.03
  156 P    -1   0   0   0  -2  -1   0   0   1  -2  -1   0  -1  -1   4  -1   1  -3   0  -1    4   5   4   6   1   2   7   8   3   3   6   6   2   3  21   5   8   0   3   5  0.22 0.15
  157 E    -1   0  -1   0  -2   0   2   1  -1   0  -1   0  -1   1   0   0  -1  -2   0  -1    4   4   3   5   1   4  17  12   2   6   5   5   2   6   5   6   4   0   4   4  0.09 0.09
  158 V     0   0   0   0  -2   0   1   0  -1   1   0   1   0  -1  -1   0   0  -2  -1   1    8   5   3   4   1   4   9   6   1  10   8   8   3   3   2   5   6   0   2  10  0.02 0.03
  159 V     0   0   0   0  -1   0   2  -1  -1   1   0  -1  -1   0   1   0   0  -2   0   1    6   4   4   4   2   3  13   3   1   9   6   3   2   5   7   6   6   0   3  13  0.06 0.07
  160 V    -1  -1  -1  -1  -1   0  -1  -1   1   1   0  -1   0   2   0  -1   0   0   1   1    5   2   4   4   2   4   4   4   5  10  11   2   2   8   4   3   5   1   6  14  0.07 0.07
  161 D    -2  -1   1   4  -2  -1   2  -1   0  -1  -2  -1  -2  -1   0   0   2  -3  -3  -2    4   3   8  23   1   2  11   4   2   4   4   3   1   3   6   6  12   0   1   3  0.30 0.20
  162 E    -1  -1  -1   1  -3   0   5  -1  -1  -2  -3   0  -2  -2   1  -1  -2  -3  -2  -1    5   3   2   6   1   3  40   4   2   2   3   5   1   2   7   5   2   0   2   5  0.59 0.34
  163 T     0   0   1   1  -3  -1   1  -2   0  -2  -1  -1  -1  -2  -1   3   2  -3  -2  -2    6   4   7   9   1   3   8   3   2   2   5   4   2   2   4  20  15   0   1   3  0.21 0.17
  164 W     0  -1   0   0   2   0  -1   0   1   0  -1  -1   0  -1  -1   1   1   0   0   0    8   2   4   5   4   3   4   8   4   4   6   3   2   3   2  13  11   2   4   7  0.05 0.06
  165 W     0  -2  -1  -2  -2   0  -2  -1  -1   0  -1  -2  -1   1   3   0   1   6   0  -1    7   3   3   3   1   4   2   4   2   5   5   3   1   6  17   6   8  13   3   5  0.39 0.22
  166 S    -1   1   1  -1  -1  -1   1   0   0  -1  -1   0  -1  -1   1   2   0  -2   1  -1    5   7   7   3   1   2   9   6   2   4   6   4   2   2   7  16   7   0   6   5  0.09 0.10
  167 D    -1  -1   1   3  -3   0   1  -1   1  -2  -1   0  -1  -2   1   0  -1  -3  -2  -2    5   4   7  19   1   4  11   4   3   3   8   4   1   2   8   8   4   0   1   3  0.20 0.14
  168 P    -1  -1  -2   0  -2  -1   0  -2  -1   1   0  -1   0  -1   5  -1  -1  -3  -2   1    5   4   2   5   1   2   7   3   2   8   8   3   2   3  27   6   3   0   1   8  0.38 0.22
  169 D    -1   0   1   2  -2  -1   1  -2  -1  -1  -1   0  -2  -1   3   0   1  -3  -2  -1    5   5   7  11   1   2   9   3   1   3   5   5   1   3  16   7   9   0   1   6  0.20 0.13
  170 Y    -1   0   0   0  -3   0   0  -1   2   0  -1   0   1   0   0   0   0   3   1   0    5   5   5   5   0   5   5   5   5   5   5   5   5   5   5   5   5   5   5   5  0.06 0.08
  171 C     0  -1   0   0   3  -1   0  -1  -1   0   0  -2   0   0   4  -1  -1  -1  -1  -2    7   3   4   5   6   3   7   6   1   6  10   3   2   4  17   5   4   1   2   3  0.19 0.14
  172 R     0   1   0   0  -4   1   1  -1   1   1   0   1  -1  -1  -1   1   0  -4  -1  -1   10   8   4   5   0   6   9   4   3   7   9   8   2   3   3  10   5   0   2   3  0.07 0.07
  173 E     0   1   1   2  -3   1  -1   0   0  -3  -3   2  -2  -4   0   1   0  -5  -2  -1    9   7   7  10   1   5   5   9   2   2   3  12   1   1   5  12   5   0   1   5  0.18 0.17
  174 L    -1  -2  -2  -2  -1   0  -2   0   1  -2   1   1   1  -1   3   0   0   0  -1   0    5   2   2   3   1   4   2   7   4   2  15  10   3   3  17   6   5   1   2   6  0.21 0.18
  175 K     0   1   0  -1  -1   0  -2  -1  -1   0   0   0   2  -1   1   0   0  -1   0  -1    9   7   5   3   1   5   2   6   2   7  11   5   4   2   8   7   7   1   3   5  0.05 0.06
  176 L     0  -1   4   1  -2  -2  -3   0   2   0  -1  -3   1  -2  -2   1  -1   0  -1   0    7   4  20   8   1   2   2   8   4   6   6   2   3   2   3  11   4   1   2   7  0.28 0.22
  177 W     0  -3  -1  -4  -1  -2  -1   3   1  -1  -2  -2   0  -1   3  -2  -1   4   0   1    7   2   3   1   1   2   5  21   3   4   5   3   2   3  13   3   4   6   3   9  0.32 0.24
  178 Y    -5  -8  -4  -5  -8  -4  -6  -5  -2  -3  -5  -8  -3  -2  -9  -6  -5   1  10  -4    1   0   1   1   0   1   1   1   1   2   2   0   1   2   0   1   1   2  79   2  3.16 1.46
  179 L     2  -3  -2  -2   2  -1  -4   4  -2   0  -3  -5   0   0  -1   1   0  -6  -1   0   15   2   2   3   4   3   1  27   1   5   3   1   2   3   3  11   5   0   2   6  0.41 0.29
  180 L     2   0  -2  -2   1   2   0  -4  -3  -2   1   0  -1  -1  -4  -2  -1   1   4   1   18   5   2   2   3   8   6   2   1   3  12   5   1   3   1   3   4   2  11   9  0.29 0.23
  181 S     1  -3  -3  -4   0  -2  -2  -1  -6  -6  -4  -3  -6  -6  -4   5   4   1  -6  -3   11   2   2   1   2   2   2   5   0   0   2   1   0   0   1  43  21   2   0   2  1.04 0.65
  182 K    -2  -1  -6  -1  -7  -1  -6  -7  -1  -3  -7   8  -7  -7  -7  -6  -6  -7  -7  -7    4   3   0   3   0   3   0   0   2   2   1  79   0   0   0   0   0   0   0   0  2.42 1.12
  183 T     2   0  -3  -4  -2   0  -3  -4  -2   1   0   0   1   1  -5  -1   0   6   1   1   15   6   1   1   1   4   1   1   1   8  10   7   3   6   0   4   5   9   4  11  0.32 0.23
  184 L     2  -3  -4  -4   0   0  -1  -2   0   1   3  -3   3   1  -5  -2  -2   0   0   2   15   1   1   1   2   5   4   3   2   6  25   1   7   5   0   3   3   1   4  12  0.33 0.25
  185 A     4  -3  -1  -3   2  -2  -3   2  -5  -1  -2  -3  -1   1  -5   1  -1  -2  -5  -1   38   1   3   1   4   2   1  14   0   4   4   2   2   6   0   8   4   1   0   4  0.56 0.40
  186 E    -2  -2  -2   3  -7  -2   7  -5  -3  -3  -5  -2  -6  -7  -6  -2  -3  -7  -1  -3    3   2   2  13   0   2  61   1   1   2   2   3   0   0   0   3   2   0   2   2  1.48 0.83
  187 D    -2   3   0   1  -3   3   1  -3   2  -2  -1   2   1  -4  -4  -2   0   0  -1  -2    3  17   3   6   1  13  10   2   4   3   7  13   3   0   0   2   5   2   3   4  0.35 0.29
  188 A     1  -2  -3  -4  -2  -1   0  -4  -1   2   2  -2   4   1  -1  -3  -1  -4   2   1   13   2   1   0   1   2   7   1   1  11  20   2  10   5   4   1   3   0   7   8  0.30 0.24
  189 A     3  -4  -3  -3   2  -4  -2  -2  -2   1   2  -3   2  -2  -5  -2  -2  -5  -4   3   25   1   1   2   4   0   3   3   1   9  18   2   5   2   0   2   3   0   0  19  0.47 0.33
  190 W    -2   3  -1  -2  -3   1  -1  -4   2  -2   2   0   2  -2  -5  -2  -2   7   0  -2    3  17   3   3   1   6   4   1   4   2  19   5   4   1   1   2   3  14   3   3  0.54 0.35
  191 K     1   2   1   1  -4   1   2  -2   0  -3  -2   2  -1  -2  -4   0  -1  -2  -1  -2   15   9   6   9   0   6  16   2   2   1   4  11   1   2   1   7   4   1   2   2  0.26 0.23
  192 F     2  -1  -3  -3   0  -2  -1  -4   1   1   0  -2   0   3  -4  -3   0   3   5   0   17   3   1   1   2   2   4   1   3   7   8   2   2  11   1   1   5   4  18   6  0.40 0.28
  193 A     3   1   1  -3  -1  -1  -2   0   2   0   0  -1   0  -1  -2   0  -2  -1   0   0   26   8   8   1   1   3   2   7   5   5   9   3   2   3   1   6   2   1   3   6  0.18 0.19
  194 K     0   1   1   1  -3   1   3   0   2  -3  -1   2  -1  -4   1  -1  -3  -5  -2  -3    8   9   6   6   1   6  17   7   6   2   6  12   1   1   6   3   1   0   1   2  0.24 0.23
  195 E     0   1  -1   1  -1   2   2   1  -2  -2   0   1  -1  -3  -2   0   0  -4  -2  -3    7   8   2   6   1  11  13  10   1   2   9  10   2   1   2   8   5   0   1   1  0.18 0.19
  196 N     0   3   2   0  -2  -2  -1   0   4  -3  -2   0  -3   0  -1   0  -1  -1   3  -4    7  15  10   5   1   1   4   8   9   1   4   4   1   5   4   7   4   1  11   0  0.27 0.25
  197 D    -2  -1   2  -1  -4   0  -2   5   1  -4  -4   1  -5  -1  -3  -1  -1   0   2  -3    2   4   9   4   0   5   2  38   3   1   2   8   0   2   1   4   4   1   8   2  0.62 0.43
  198 L    -3  -3  -4  -5  -1  -5  -4  -5  -4   4   3  -5   1   4  -2  -1   0  -1  -3   1    2   1   1   0   1   0   1   1   0  20  29   1   3  18   3   4   5   1   0   7  0.72 0.44
  199 D    -2   3   2   2  -4   2   0  -3   0  -4  -2   0  -3  -4   3  -1   1  -6  -1  -3    3  17  11  11   0   8   6   1   2   1   4   5   1   1  13   4   8   0   3   2  0.41 0.35
  200 L     0  -4  -5  -5   1  -4  -4  -3  -3   1   0  -5  -2   2   1  -2   2  -1   0   4    9   1   0   1   3   1   1   2   1   8   8   0   0   8   8   3  15   1   3  29  0.51 0.39
  201 V     0  -1   2  -4   4  -4  -5  -4  -3   2  -3  -5   1  -2  -6  -1   3   0  -2   3    7   4  11   1  10   0   0   1   1  12   2   0   4   1   0   5  15   1   1  23  0.59 0.43
  202 V     1  -5  -2  -3   2  -3  -4   2   0   4  -1  -5  -3  -2  -4   1   0  -3  -2   2   13   0   2   2   4   1   1  15   3  21   5   0   0   2   0  11   5   0   1  13  0.40 0.32
  203 V     0  -4  -6  -6  -2  -4  -3  -2   1   3   2  -5  -1   2  -6  -4  -1  -5  -2   4   10   1   0   0   1   1   2   4   4  18  21   0   1   9   0   1   3   0   1  24  0.64 0.41
  204 N    -2   7   2  -6   1  -3  -4  -6   4  -1  -3  -1   1  -4  -5  -2  -6  -7  -4  -5    3  56   8   0   3   1   1   1   8   4   3   4   3   1   1   3   0   0   0   1  1.47 0.82
  205 P    -3  -4  -7  -7   1  -3  -3  -6  -4  -1  -1  -5  -6   1   7  -3  -2  -6   4  -3    2   1   0   0   3   1   2   1   0   4   6   0   0   6  55   2   3   0  12   2  1.56 0.87
  206 A     0  -2  -2  -4  -1  -4  -4   4  -1  -5  -5  -5  -1   4   1   2   1  -2  -3  -3    7   2   2   1   1   1   1  28   1   0   1   0   2  17   7  18   8   1   1   2  0.67 0.49
  207 M    -2  -3   5  -2  -4   0  -4   2  -2  -1   0  -4   0   2  -2  -1  -1   1   2  -1    4   1  26   2   0   5   1  15   1   4   8   0   3   8   2   5   4   2   6   5  0.41 0.33
  208 V    -3  -3  -2  -3  -3  -5  -5  -6  -2   5   0  -5   1  -2  -4  -3  -1   2  -3   5    2   2   2   2   1   0   1   0   1  28   9   0   3   1   1   2   3   2   1  38  1.00 0.56
  209 V    -1  -1  -3  -3  -3  -4  -4  -3  -2   2   0  -4   2   3  -6  -3   0   0   6   0    5   3   1   2   0   0   1   2   1  13   9   0   6  12   0   2   6   1  27   7  0.70 0.45
  210 G    -3  -4  -5  -5  -3  -6  -5   7  -7  -7  -5  -6  -7  -7  -7  -1   0  -7  -7  -7    2   1   0   1   1   0   1  82   0   0   1   0   0   0   0   4   6   0   0   0  2.20 1.04
  211 P     0  -1  -1  -2  -6  -3   2  -3   0  -5  -6  -2  -3  -6   7  -1  -1  -6  -5  -4    8   4   3   2   0   1  15   2   2   1   1   3   1   0  48   5   4   0   0   1  1.22 0.70
  212 L    -1   2  -1   2  -4   0   0   1   0   0  -1   0   0   1  -1   0  -1   1   0  -1    3  15   2  11   0   3   4  12   2   5   6   4   3   7   3   6   3   2   3   3  0.11 0.13
  213 L    -1  -1  -1   1  -1   1   1  -1   0   0   1  -1   1   1   2  -1   0   0  -2   0    4   3   2   7   1   6  10   4   2   6  15   3   5   6  10   5   4   1   1   6  0.09 0.11
  214 Q    -1   1   1   0  -1   3   1   0   3  -1  -2   0   0  -1   1   0   1  -2  -1  -2    3   7   6   4   1  13   7   6   8   4   3   6   2   3   6   7   7   1   2   2  0.15 0.17
  215 A     1  -1  -1   0  -5   0   0   3   2  -3  -3   0  -1  -1   2   0  -2  -5  -3  -2   10   3   3   5   0   5   6  25   5   1   2   5   2   3  12   5   2   0   1   3  0.32 0.27
  216 E    -1  -1   1   1  -2   0   1  -1   2   1   0   0   0   0  -1   1   0  -2   0   0    5   3   7   7   1   2   9   5   8  10   7   5   3   3   2  10   5   0   3   6  0.05 0.09
  217 L    -1  -2  -2  -2   0  -3  -2   0  -4   2   1  -2   2   2   3  -1  -1   2  -1   1    6   2   2   2   2   1   2   8   0  11  15   2   7   9  13   3   4   3   2   8  0.23 0.20
  218 N     0   2   5   0  -3  -1   0   1  -1  -5  -2  -1  -3  -4   3  -1  -3  -3  -4  -2    7  10  28   4   1   2   5  11   2   0   4   3   0   1  14   4   1   0   0   3  0.54 0.40
  219 T     0   0   2  -2  -4   1   0   0   0  -1  -1   1   1   0   1   0   1   0  -1  -1    8   4  13   1   0   5   5   6   2   4   6   7   4   4   8   7   8   2   2   3  0.10 0.14
  220 S     1  -2  -1  -2  -3  -2  -3  -1  -2   1   1  -1   0   0  -1   3   0  -1  -1   0   11   2   3   3   0   2   1   5   1   9  16   3   2   4   2  21   6   1   2   7  0.17 0.20
  221 A     1   1   0  -1  -2  -1  -1  -2  -1   1   1  -1   3  -1   1   0   1   0  -2   0   10   7   5   4   1   2   4   3   1   7  14   2   8   2   6   8   7   1   1   6  0.08 0.12
  222 A    -1   1  -1   0  -3   0   1   0   0   0  -1   1  -1   0   3  -1  -1  -1  -2   0    3   9   3   6   1   5   9   9   3   7   6   8   1   5  13   4   3   1   1   6  0.12 0.13
  223 I    -1  -2  -2  -3  -3  -1  -2  -1   3   1   0  -2   2   3  -1  -1   0   1   3   0    5   2   1   1   0   2   2   6   9   9   9   3   5  14   3   4   6   2  11   7  0.27 0.22
  224 I     1  -1  -2  -2  -3  -3  -3  -3  -2   4   1  -1   0   2  -1  -1  -1  -4   0   2   14   3   2   2   0   1   1   2   1  21  10   5   2   8   3   4   3   0   3  14  0.29 0.23
  225 L     1   0   0  -3  -1   1  -2  -2   0   0   2   1   1  -2   1   0  -1   0  -3   0   11   5   5   1   1   6   2   2   2   5  20   9   4   2   6   6   3   2   1   6  0.12 0.15
  226 N     0   0   2   0  -3   2   0   1   0  -3  -1   1  -2   0  -2   0  -2  -1   0  -2    9   6  10   5   0  12   5  11   2   2   5   9   1   5   2   7   2   1   3   2  0.16 0.18
  227 L    -1  -3  -4  -6  -1  -2  -3  -3  -3   3   4  -2   1   1   0  -4  -2  -2   0   2    4   1   1   0   1   2   2   2   1  13  35   3   4   6   5   1   3   1   3  12  0.49 0.33
  228 I     1   0  -3  -3  -3  -2  -2  -2  -3   3   2   1   1   1  -1  -3  -3  -4  -2   2   13   5   1   2   0   2   3   3   0  15  21   8   4   6   3   1   1   0   1  13  0.28 0.24
  229 N    -1   1   1  -1  -1   0   0   0   1  -1   0   2   0   0  -2   0   0  -3  -1   0    5   6   6   3   1   4   7   8   4   3   9  15   3   4   1   5   7   0   2   7  0.07 0.10
  230 G     0  -2  -1   0   1  -2  -3   5  -2  -5  -3  -1  -4  -2  -2   0  -2  -6  -2  -2    6   3   3   5   3   2   2  49   1   1   3   4   0   2   2   7   3   0   1   3  0.80 0.50
  231 S    -2   2   1   0  -1  -1   0   1   1  -1  -2   2   0  -3   0   1   0   1  -3  -1    2  12   5   5   1   2   5  10   4   3   4  16   3   1   5  10   4   2   1   4  0.16 0.18
  232 E    -1   1  -1   1  -3   0   2  -1  -2  -1  -2   1  -1  -1   2   0   0   1   1   0    3   9   2   8   0   5  14   4   1   4   4   7   1   3  10   7   4   2   5   6  0.15 0.16
  233 T     0  -1   0   0  -1   0   0   1  -1   0  -1   1   0  -2   1   0   1  -2   0  -1    8   3   5   4   1   4   8  10   1   5   6   9   3   1   6   6  10   0   3   5  0.05 0.07
  234 F     0  -2  -1   1  -3  -1  -1  -2   1   0   0   0  -1   4   1   0  -1   1   3  -1    7   2   3   7   0   2   4   3   4   5   7   7   1  18   7   6   3   2   9   3  0.20 0.18
  235 S    -1  -2  -2  -2  -3  -3  -1   5  -4   0  -2  -1  -3  -2   0   0  -1   1  -1  -1    6   2   2   2   1   1   4  41   0   5   4   4   1   2   5   7   4   2   2   5  0.53 0.36
  236 N    -1   0   4   3  -3   0   0   0   0  -2  -3   1  -1  -1  -1   1   0  -5  -3  -3    4   5  19  14   1   4   4   8   2   2   2   8   2   3   4   9   6   0   0   2  0.30 0.25
  237 D     0  -2   2   1  -3   3  -1   2  -1  -2  -2  -1   0   0   2  -1  -1  -2  -2  -1    8   2  10   7   0  16   3  14   1   2   3   4   2   4   9   4   4   1   1   4  0.24 0.24
  238 T    -2   2  -3  -4  -2   0  -2  -4  -2   1   1   1   0  -2   1   0   2   2   1   2    2  10   1   0   1   3   2   1   1   6  12  10   3   2   6   8  12   2   4  13  0.21 0.22
  239 Y    -1   6  -5  -4  -2  -2  -3  -1   0  -1   0  -1   0   1  -3  -3  -3  -2   2   0    5  41   0   1   1   1   1   6   2   3   9   3   2   6   1   2   1   1   6   8  0.74 0.49
  240 G    -2  -4   2   6   0   1   0  -1   0  -5  -5  -3  -4  -3   0   2  -2   0  -2  -3    4   1   8  37   2   7   5   6   2   1   1   1   0   1   4  13   3   1   1   2  0.72 0.50
  241 W    -4  -3  -4  -8  -3  -6  -7  -6  -6  -4  -1  -7   3   7   0  -4  -3   7   5  -5    2   2   1   0   1   0   0   1   0   1   7   0   6  36   6   1   2  16  18   1  1.68 0.86
  242 I    -2  -6  -7  -5   0  -3  -7  -2  -7   5   0  -5   1  -4  -6  -4   2  -7  -5   5    4   0   0   1   2   1   0   3   0  30   9   1   3   1   0   1  11   0   0  33  1.06 0.60
  243 N    -3  -5  -2   3  -8  -3  -2  -5   7  -8  -8  -4  -7   0   2   0  -6  -4   6  -8    2   1   2  16   0   1   3   1  27   0   0   1   0   3  10   7   0   0  25   0  1.49 0.84
  244 V    -1  -2  -5  -5  -2  -7  -4  -8  -7   3  -1  -7  -2  -3  -2  -2  -2  -7  -3   6    5   2   1   1   1   0   1   0   0  16   5   0   1   1   3   3   3   0   1  57  1.32 0.72
  245 K    -2   1   0   4  -4  -1   3   1  -2  -3  -4   0   1  -5  -4  -1  -2  -6  -2   0    3   8   4  26   0   2  19  11   1   1   2   5   3   0   1   4   2   0   1   7  0.55 0.41
  246 D    -6  -8   4   8  -9  -4  -2  -8  -2  -7  -7  -4  -5  -7  -6  -5  -2 -10  -3  -4    0   0  15  71   0   1   2   0   1   0   1   1   0   0   0   1   3   0   1   2  2.27 1.14
  247 V     0  -7  -6  -7   0  -7  -6  -4   0   1   3  -7  -1  -4  -7  -4  -2  -7  -2   6    9   0   0   0   2   0   0   2   2   7  25   0   1   0   0   1   3   0   2  45  1.11 0.63
  248 A     5  -7  -7  -7   3  -6  -7  -4  -7   1  -3  -6  -5  -7  -5  -1  -4  -8  -7   4   52   0   0   0   5   0   0   1   0   7   2   0   0   0   1   5   1   0   0  25  1.39 0.79
  249 N     0   2   2   2  -5   2   2  -3   1  -3  -2   2  -4  -4  -4  -1  -2   4  -2  -4    9  10   8  13   0   8  14   1   4   1   4  12   0   0   1   4   2   5   2   1  0.40 0.32
  250 A     5  -6  -4  -5   0  -5  -5   2  -3  -3   0  -5   1  -2  -5  -1  -1  -6  -2   2   41   0   1   1   2   0   0  17   1   1   9   0   3   1   0   3   4   0   2  13  0.77 0.51
  251 H    -4  -4   2  -4   1  -2  -4  -6   8   3  -1  -4   3   0  -6  -3  -1  -6  -1   0    1   1  10   1   3   2   1   0  33  15   7   1   8   5   0   2   4   0   2   6  1.11 0.60
  252 I    -4  -2  -4  -4  -4  -6  -3  -6  -7   5   3  -4  -1  -1  -7  -5  -2   2  -1   3    1   3   1   1   0   0   2   0   0  30  28   1   1   2   0   1   2   3   2  20  0.96 0.53
  253 Q     0   0  -1  -3  -1   0  -1  -2   1  -1   2   0  -1   2  -5  -2  -1   5   1  -1    9   5   3   1   1   4   4   2   4   3  23   7   1  10   0   2   3   8   4   5  0.28 0.23
  254 A     5  -5  -6  -4  -1  -6  -5  -4  -6   0   2  -5   0   1  -6  -3  -2  -6  -5   1   48   1   0   1   1   0   1   1   0   5  20   1   2   6   0   2   2   0   0   9  0.97 0.61
  255 Y     2  -4  -5  -7  -3  -5  -4  -6  -6   2   4  -4   3   2  -6  -2  -3   3   0  -1   14   1   1   0   0   0   1   0   0  10  41   1   6   9   0   3   1   4   3   4  0.77 0.48
  256 E    -2   1   1   3  -4   2   5  -3  -3  -2  -3   1  -2  -4  -5  -1   0  -6  -4  -3    3   7   6  15   0   8  33   2   0   2   3   6   1   1   0   4   5   0   1   2  0.62 0.45
  257 I     1   0   4   1  -4   0  -1  -3   5  -3  -2   2  -4  -4  -2   0  -1  -1  -1  -3   11   4  20   7   0   4   4   2  14   2   4  13   0   0   2   6   4   1   2   1  0.46 0.36
  258 A     0   0  -1  -1  -5  -2   1   1  -1  -4   0   0  -1  -5   5  -1  -3  -6   0  -3    9   4   2   4   0   1   8   9   1   1  11   5   1   0  31   5   1   0   3   1  0.55 0.41
  259 S     0   0   1   1  -2   0   2  -1   1  -1  -2   1  -2  -2  -1   2   0  -4  -2   0    8   5   6   6   1   2  14   5   3   3   4  10   1   2   2  14   6   0   1   6  0.13 0.15
  260 A     2  -1  -1  -1   2  -1  -1  -1  -2   0  -1   1  -1  -4   0   1   1  -4  -2   1   22   3   2   4   4   3   4   4   1   5   7   8   1   0   5  10   8   0   1   9  0.14 0.18
  261 S     0  -1   1  -1  -4   1   1   3  -3  -2  -3   0  -2  -4   0   3  -1  -5  -4  -2    6   3   6   4   0   7  10  20   0   2   3   7   1   0   5  22   3   0   0   3  0.33 0.30
  262 G    -3  -3   2   0  -7  -3   1   6   1  -1  -4  -1  -2  -7  -2  -2  -4  -7  -4  -4    2   1   9   5   0   1   8  54   3   5   2   3   1   0   2   2   1   0   1   1  1.02 0.60
  263 R    -2   3  -3  -2  -2   2   1  -3   1   1  -3   2  -1   1   0  -2  -1  -4   0   0    3  20   1   2   1  10   7   2   4  10   2  12   1   6   4   1   5   0   3   8  0.29 0.27
  264 Y     0  -1   1  -3  -5  -3  -4  -3   2   2  -2  -5  -1   4  -5  -1  -1  -3   5   1    7   3   8   2   0   1   1   2   5  11   4   0   1  15   0   5   4   0  24   9  0.60 0.41
  265 C    -4  -3   3  -5   3  -4  -6  -3   0   4   0  -4  -1   4  -6  -5  -3  -2   3   1    1   2  17   0   7   0   0   2   2  22  10   1   1  17   0   0   1   0   9   8  0.74 0.46
  266 L     0  -4   1  -3   5  -2  -2   1   3   0   1  -4  -1   0  -2  -3  -2   0   2   1   10   0   7   1  13   2   3  10   7   5  14   0   1   3   2   0   1   1   8  11  0.33 0.28
  267 V     0  -4   1  -3   0  -4  -3   0  -1   3  -1  -2  -1   0  -5   3   2  -5  -4   1    6   0   8   1   2   0   1   7   1  18   4   2   1   4   0  20  15   0   0   9  0.36 0.33
  268 E     2  -2   0  -2  -4  -1   1   3  -2  -3  -2  -1  -3  -5   1   2   1  -5  -2  -1   14   1   4   2   0   2  11  24   1   1   4   4   0   0   6  13   9   0   1   4  0.32 0.29
  269 R    -2   0   3   1  -4   0  -1   3   2  -4  -5  -1  -1  -4   2   0  -1  -5  -2  -1    3   6  14   9   0   4   4  23   6   1   0   3   2   0  12   5   3   0   1   4  0.41 0.32
  270 V     1  -1   1   1  -4  -1   1   0  -1  -1  -3  -1  -2  -3   4   0   0  -5  -4  -1   12   3   8   8   0   3  11   7   1   5   2   2   1   1  20   5   5   0   0   5  0.30 0.25
  271 A     1  -1  -3  -3  -2   0   1   1  -1   0  -1  -2  -1   3   1  -1   0  -3   0   0   14   3   0   0   1   4   9  10   1   6   5   2   1  15   7   3   7   0   4   8  0.16 0.19
  272 H    -2   0   0  -3  -1  -2   1  -2   3  -3  -4   0  -2   1   1   3   3  -5  -3  -2    2   5   4   1   1   1   9   2   7   1   1   5   1   5   7  22  21   0   0   3  0.42 0.38
  273 Y    -3  -1  -1  -5   0  -5  -5   0  -5   3  -2  -3   1   3  -1  -4  -1   7   1   1    2   5   4   0   2   0   0   8   0  20   3   2   4  12   4   1   3  17   4  10  0.69 0.43
  274 S    -1   1   2   1  -1   2   0   0   2  -3  -1   1  -1  -3   0   0   0  -3   1  -2    3   9   9   8   1  10   6   6   5   1   5  11   1   0   4   5   7   0   7   2  0.16 0.18
  275 E    -1  -3  -1   4  -6   2   4  -3  -1  -6  -6  -2  -2  -1  -3   2   0  -6  -3  -3    5   1   3  19   0   8  31   2   1   0   0   1   1   3   1  16   6   0   1   2  0.70 0.50
  276 L    -2  -6  -5  -6  -5  -4  -6  -6  -3   3   4  -6   3   0  -6  -5  -2   1  -4   4    3   0   1   0   0   1   0   0   1  14  33   0   6   3   0   0   2   2   0  33  1.00 0.54
  277 A     4  -1   0  -4   1  -3  -1  -1  -3   0   1  -1  -3  -1  -4  -1  -2   0  -3   1   36   4   4   0   2   0   4   3   1   6  16   4   0   2   0   4   2   2   1   9  0.36 0.32
  278 R    -1   2   0   2  -1   2   5  -4   0  -6  -5   2  -5  -6  -4  -1  -3  -6   0  -6    4  10   3  12   1   8  34   1   2   0   1  14   0   0   1   4   1   0   4   0  0.74 0.50
  279 I     2  -4  -4  -3  -4  -2  -2  -3  -1   3   1  -3   4   2  -4  -3   0  -4  -2   2   16   0   1   2   0   2   2   2   2  18  15   1  11   7   1   1   7   0   1  13  0.41 0.32
  280 L    -1  -6  -6  -5   0  -5  -5  -6  -5   3   4  -6   2   0  -6  -5  -4  -5  -4   4    5   0   0   1   2   0   1   0   0  18  36   0   4   3   0   0   0   0   0  29  1.01 0.54
  281 R     1   2   0  -1  -1   1   1   0   1   0   0   2  -1  -3  -2   1   0  -4  -2  -1   11  11   4   2   1   5   9   5   4   5   9  12   1   1   1   9   6   0   1   4  0.11 0.14
  282 D     0   1  -2   2  -6  -1   4  -1   0  -5  -5   4  -5  -6  -2  -1  -2  -6  -2  -3    8   8   1  10   0   2  28   5   2   1   1  26   0   0   1   3   1   0   2   1  0.67 0.46
  283 Q     0   0  -1   0  -2   0   2  -3   2   0   0   1  -1  -1  -1   0  -1  -2   1  -1    8   5   2   6   1   3  17   0   7   6   9  12   1   3   3   5   3   0   5   5  0.13 0.16
  284 Y     1  -1  -3  -2  -4  -2  -3  -2   3   0  -2  -2  -1   5  -2  -1  -2   4   3   0   14   3   1   3   0   2   1   3   8   5   3   3   1  26   2   4   2   5  11   5  0.49 0.34
  285 P    -2  -2  -1  -1  -1  -1   0   0  -3  -4  -3   0  -4  -5   6   0  -1  -5  -5  -5    3   2   2   3   1   2   7   9   1   1   3   7   0   0  45   8   4   0   0   1  0.96 0.52
  286 T    -1   0   1   0  -3   2   3   1  -1  -3  -4   2  -2  -2  -2   1   0  -4  -3  -2    4   4   5   4   0   8  19  12   1   1   1  14   1   2   1  13   6   0   1   3  0.30 0.26
  287 Y    -2  -1   1  -3  -4  -3   0  -1   2   0   1   1   1   1  -2  -2  -1   4   4  -1    3   3   6   1   0   0   5   4   5   6  14  10   3   6   2   3   3   7  17   3  0.26 0.24
  288 Q    -1   1   2   0  -5   1   1  -2   3  -4  -3   2  -4  -4   4  -1   0  -2  -1  -2    5   7   9   6   0   8   7   2   7   0   2  11   0   0  19   5   6   1   2   3  0.37 0.28
  289 I    -3  -4  -3  -3  -4  -3  -3  -6  -5   5   2  -3   1   1  -1  -4  -2   3  -2   3    1   1   1   1   0   1   2   0   0  37  19   2   3   6   3   1   2   4   1  16  0.73 0.42
  290 P     0   0  -2  -1  -3  -2   1  -5  -2  -1  -3  -1  -3  -2   6   0  -1  -6  -5  -1    6   5   2   4   1   2   8   0   1   3   2   4   1   2  45   6   4   0   0   5  0.92 0.52
  291 E     0  -2   0   2  -3   0   0   1  -1   0  -1  -1  -2   0  -3   0   1  -3   3   0    8   1   4  11   0   3   7   9   1   7   6   3   0   3   0   7  12   0  12   5  0.13 0.17
  292 K     0   1  -1   1  -2  -1   1  -2   2   0  -3   2  -3   0   1  -1   0  -2   0  -1   10   7   1   8   1   1  11   2   5   7   1  18   0   4   8   3   5   1   3   4  0.18 0.20
  293 S    -1  -1   0   0   1  -3  -1  -3  -2   0   1  -2   1   4   1   0  -1   0  -1   2    3   3   6   5   3   0   4   1   1   5  13   2   3  18   7   6   2   1   1  15  0.18 0.20
  294 A     1   0  -1  -1   0  -1  -1   1  -3   0   0   1  -1   0   3  -1  -1  -3  -2   0   14   4   2   3   2   3   4  10   0   5   8  11   1   6  13   3   3   0   1   8  0.12 0.13
  295 D     0  -2  -1   3  -5   0   0   2  -4  -4  -3  -1  -4  -4   4   0   0  -5  -3  -3    7   2   2  15   0   5   7  14   0   0   3   4   0   1  24   6   6   0   1   2  0.49 0.34
  296 D    -1   3   0   3  -4   0   1   0  -2   0  -3   0  -2  -1  -2  -1  -1   0   0  -1    4  20   4  20   0   2   9   6   1   7   2   4   1   3   2   3   3   1   3   5  0.26 0.23
  297 K     0   2  -1   2  -4   0   1   0   0  -2  -2   1  -3  -2   1   0  -1  -1   1  -2    9  15   2  12   0   2  11   6   2   3   4  10   0   1   7   7   2   1   6   2  0.19 0.18
  298 P    -2  -3  -1   0  -5   3   1   2  -2  -2   0   0  -3  -3   4  -3  -1   2  -4  -2    2   0   2   4   0  13   9  15   1   2  11   5   0   1  25   1   3   3   0   2  0.47 0.34
  299 Y    -1   1   0   1  -1   0   1   1   3  -1  -2   0  -1  -1  -2  -1  -2   0   1   0    5  10   5   9   2   3   9  11   9   4   1   6   1   2   1   3   1   2   7   7  0.12 0.14
  300 V     0   1   0   2  -2   0   0   0   0   0   0   0   1   0  -2  -1   0  -1   0   0    6   7   3  17   0   3   6   6   2   8   9   6   4   4   1   3   4   1   3   6  0.05 0.08
  301 P     1   2  -3  -1  -3  -1   0  -1  -2  -3  -2   1  -1  -3   4   0   1  -1   0  -2   11  12   0   3   0   2   6   4   1   1   3  10   2   1  21   8  10   1   3   2  0.34 0.26
  302 T     0   3   1  -1   1   1   0  -1   1  -3  -2   0  -1  -2   1   0   2   1   1  -1    6  16   5   3   3   5   7   3   3   1   2   4   2   1   8   7  13   2   6   3  0.18 0.18
  303 F     1  -4  -2  -4  -2   1  -3  -3  -1   0   0  -2  -1   2   0  -2  -1  -2   5   2   11   0   2   0   1   7   1   1   1   6   7   1   1  10   5   3   4   0  25  15  0.45 0.33
  304 Q     1   0   1   3  -1   0   0  -1   0  -1  -1   0  -2  -2  -1   1   0  -1  -1  -1   11   4   6  19   1   5   3   4   2   4   6   5   0   2   2  13   5   1   2   5  0.13 0.14
  305 V     1  -3   0  -1   0  -4  -4  -3  -4   3   2  -4   2   3  -2  -2  -1  -2   0   1   12   1   5   3   2   0   0   2   0  15  22   0   4  14   2   1   2   0   3  11  0.32 0.26
  306 S     0  -2  -1   4  -2  -3  -1  -2  -4  -2  -2  -1  -4  -5   0   3   2  -6  -5  -3    6   1   2  24   1   0   3   2   0   3   4   4   0   0   4  28  15   0   0   1  0.55 0.42
  307 K     1  -1   2  -1   2   0  -2  -2   1  -3  -3   3  -4  -5  -1   3   1  -5  -2  -4    9   3   9   3   4   4   2   2   3   1   3  18   0   0   3  27   7   0   1   0  0.39 0.33
  308 E     0  -1   1  -1  -4   2   1  -3  -3  -3   0   2  -3  -4  -2   1   3  -1  -4  -2    9   3   6   3   0   8   9   1   0   0  11  15   0   0   1  12  18   1   0   2  0.28 0.28
  309 K     0   2  -3  -2  -3  -1   1  -4   0  -2  -3   6  -4  -2  -4  -1  -3  -5  -2  -5    8  10   0   1   1   2   9   1   2   3   3  52   0   2   0   3   1   0   1   0  0.92 0.54
  310 A     2  -1  -4  -4   0  -2  -2  -4  -1   2   4  -1   1  -1  -4  -2  -1  -4  -3  -1   17   4   0   0   2   1   3   0   2  13  41   5   3   2   0   2   2   0   0   1  0.47 0.33
  311 K     1   3  -1  -2  -4   1   2  -4   0  -1  -1   4   0  -3  -4  -2  -2  -4   0  -3   14  15   2   2   0   5  14   0   2   3   6  26   2   1   0   0   2   0   3   1  0.43 0.33
  312 T     0   0   0   3  -2   0   3   1  -2  -3  -1   0  -3  -4  -3   1   1  -5  -4  -2    8   5   3  17   1   2  24   9   1   1   6   6   0   0   0   8   8   0   0   2  0.34 0.27
  313 L     0  -3  -5  -4   0  -4   0  -4  -2  -1   5  -4   1   0  -2  -2  -1   1   0   0    8   1   0   1   2   0   6   1   1   2  54   0   4   4   3   2   3   2   3   4  0.61 0.40
  314 G    -3  -5  -2   0  -6  -2  -1   7  -5  -4  -6  -2  -6  -6  -5  -3  -4  -2  -4  -5    1   0   2   6   0   2   3  76   0   1   0   3   0   0   0   1   1   1   1   1  1.66 0.72
  315 I    -3  -2  -5  -4  -4  -1  -3  -4  -4   1   2  -3  -2   5  -5  -4  -4   8   3  -1    2   3   0   1   0   3   1   1   0   7  17   2   1  26   0   0   0  21   9   5  1.05 0.49
  316 E    -2   2   0   2  -4   2   3   0  -3  -4  -4   3  -3  -4   0  -1   0   0  -4  -4    3   9   4   9   0   9  23   6   0   1   1  19   0   0   4   4   5   2   0   0  0.46 0.31
  317 F     0  -1  -4  -5  -5  -2  -3  -5   2  -4  -3  -3  -2   6   1  -3  -3   7   2  -2    8   4   0   0   0   2   2   1   5   0   2   1   1  40   6   2   2  17   5   2  1.19 0.54
  318 I    -3   3  -1  -3  -4  -1  -3  -4   1   0  -3   3  -2   0  -2  -3   3  -4   3  -1    0  15   2   1   0   2   0   0   4   5   2  22   1   3   2   0  24   0  13   4  0.57 0.40
  319 P    -3  -4   2   1  -1  -3  -2   2  -1  -5  -4  -3  -5  -5   6   1   1  -6  -5  -5    1   0  11   9   1   0   2  13   1   0   2   1   0   0  35  12  11   0   0   0  0.86 0.47
  320 L    -2  -2  -2  -1  -4  -1  -4  -5  -4   2   4  -3  -1   3  -3  -4  -2   3  -1   1    3   2   2   5   0   3   0   0   0   9  39   1   0  16   1   0   1   4   1  12  0.52 0.33
  321 E    -1   1   1   1  -6   1   5  -5   1  -6  -5   3  -5  -4  -3  -1  -4  -6  -3  -3    5   8   5   7   0   5  43   0   3   0   0  17   0   1   1   3   0   0   1   2  0.84 0.49
  322 V    -3  -2  -1   3  -5   2   5  -4  -3  -2  -4   0  -1  -5  -4  -1   2  -2  -4  -1    1   1   2  19   0   9  35   0   0   3   1   6   2   0   0   2  13   1   0   5  0.70 0.43
  323 S     1  -3  -1  -2   2  -1  -4   3  -4   0  -3  -3   5  -2  -4   2   0   0  -4  -1   12   1   3   1   5   3   0  23   0   5   0   0  20   1   0  15   6   1   0   3  0.51 0.38
  324 L    -1  -5  -5  -6   3  -5  -3  -5  -4   3   3  -5   1   3  -5  -4  -3  -4   1   2    5   0   0   0   6   0   1   0   0  19  31   0   2  14   0   1   1   0   5  16  0.67 0.37
  325 R     0   3   0   2  -4   1   2  -2  -1  -3  -1   2  -3  -2  -2  -1  -1  -4   1  -1    7  17   5  10   0   4  17   2   1   0   5  16   0   1   1   1   3   0   5   4  0.31 0.24
  326 E    -1  -1  -1   6  -6   1   3   1  -2  -6  -6   1  -5  -6  -4  -1  -3  -6  -5  -5    4   2   2  43   0   5  18  10   1   0   0  10   0   0   0   4   1   0   0   0  0.93 0.48
  327 T     2  -3  -3  -3  -1  -3  -2   0  -3   1   0  -3  -1  -3  -3   2   3  -4   2   1   15   0   0   0   1   0   1   8   0   8   9   0   1   0   0  16  22   0   8  10  0.32 0.29
  328 V     0  -4  -4  -5  -3  -3  -3  -3  -4   4   2  -3   2  -3  -4  -2  -1  -4  -2   3   10   0   0   0   0   1   2   2   0  32  15   1   6   0   0   3   2   0   1  25  0.61 0.35
  329 E     1   2   0   2  -4   2   3  -2   0  -3  -3   2  -3  -5  -3   1  -2  -5  -4  -4   15   9   3   9   0   8  22   2   2   1   3  17   0   0   0   8   1   0   0   0  0.41 0.28
  330 T    -2  -3  -2  -1   1   3   0  -4  -3  -5  -4   1  -4  -3  -4   2   1   8   4  -3    3   0   1   3   3  15   5   0   0   0   0   8   0   0   0  19   9  21  13   1  0.83 0.46
  331 L     0  -4  -4  -5   4  -1  -4  -4  -3   0   2  -4   3   2  -4  -2  -1  -2   5   0    9   0   0   0   9   2   0   0   0   4  22   0  10   9   0   3   4   0  22   6  0.55 0.32
  332 K    -2   2  -1  -2  -4   2  -1  -4  -3   0   2   2   0  -2  -4  -2   0   5  -1   0    2  15   3   2   0  10   2   0   0   4  20  12   2   0   0   0   6  11   1   9  0.33 0.24
  333 E     0   0  -1   0  -5   2   6  -4  -3  -5  -5   1  -4  -5  -3  -2   0  -5  -4  -2    8   3   1   4   0   7  56   0   0   0   0   9   0   0   0   1   7   0   0   3  0.91 0.44
  334 K    -3   2   0  -2  -5   2   0  -3   2  -4  -3   5  -3  -4  -3  -1  -2   4  -3  -4    0  11   5   0   0  10   3   0   4   0   3  56   0   0   0   2   0   6   0   0  0.86 0.36
  335 N    -1  -3   0   0  -4   1  -2   5   2  -4  -4  -2  -3  -3  -3   2  -2  -3   1  -4    3   0   5   4   0  10   0  50   6   0   0   0   0   0   0  16   0   0   7   0  0.70 0.27
  336 F    -3  -3  -4  -4  -3  -3  -4  -4   3   0   4  -4   1   5  -4  -3  -3  -1   2  -1    0   0   0   0   0   0   0   0   9   2  48   0   2  35   0   0   0   0   5   0  0.72 0.22
  337 A     1  -3  -4  -3  -2  -2  -1  -4  -3   3   4  -3   1  -1  -3  -2  -2  -3  -2   1   14   0   0   0   0   0   7   0   0  21  55   0   0   0   0   0   0   0   0   3  0.43 0.15
  338 N    -1  -2   3  -1  -3  -2  -2   1  -2  -4  -4  -1  -3  -4   6   1   0  -4  -3  -3    0   0  21   0   0   0   0  13   0   0   0   0   0   0  52  10   5   0   0   0  1.04 0.14
  339 F    -2  -3  -4  -4  -3  -3  -3  -4  -1   0   2  -3   0   6  -4  -3  -2   0   4  -1    0   0   0   0   0   0   0   0   0   0  32   0   0  55   0   0   0   0  13   0  0.65 0.08

                      K         Lambda
Standard Ungapped    0.1327     0.3170
Standard Gapped      0.0430     0.2670
PSI Ungapped         0.1406     0.3175
PSI Gapped           0.0430     0.2670
