
Last position-specific scoring matrix computed, weighted observed percentages rounded down, information per position, and relative weight of gapless real matches to pseudocounts
            A   R   N   D   C   Q   E   G   H   I   L   K   M   F   P   S   T   W   Y   V   A   R   N   D   C   Q   E   G   H   I   L   K   M   F   P   S   T   W   Y   V
    1 M    -1  -2  -2  -3  -2  -1  -2  -3  -2   1   2  -2   6   0  -3  -2  -1  -2  -1   1    0   0   0   0   0   0   0   0   0   0   0   0 100   0   0   0   0   0   0   0  0.44 0.03
    2 P    -1  -2  -2  -1  -3   0   2  -2  -2  -3  -3  -1  -3  -4   7  -1  -1  -4  -3  -3    0   0   0   0   0   0  24   0   0   0   0   0   0   0  76   0   0   0   0   0  1.51 0.04
    3 A     3   0  -1  -2  -1   2   0  -1  -1  -1  -1   1   2  -2  -1   0  -1  -3  -2  -1   51   0   0   0   0  16   0   0   0   0   0  16  17   0   0   0   0   0   0   0  0.24 0.05
    4 V     3  -2  -2  -3  -2  -2  -2  -2  -2   0   1  -2   4   2  -2  -1   1  -2  -1   1   36   0   0   0   0   0   0   0   0   0   9   0  26  10   0   0   8   0   0  10  0.25 0.10
    5 G     1  -2  -1   0  -2   0   0   4  -2  -2  -2  -1   1  -3  -2   0  -1  -3  -3   0   13   0   0   6   0   6   5  45   0   0   0   0   8   0   0   7   0   0   0   9  0.40 0.11
    6 S     1  -1   2  -1  -2  -1  -1  -1  -2  -3  -1   1  -2  -3  -2   4   1  -4  -3  -2   13   0  15   0   0   0   0   0   0   0   7  11   0   0   0  48   6   0   0   0  0.38 0.14
    7 C    -1  -3  -2  -3   2  -2  -3  -1  -3   1   0  -2  -1   2   3  -1   3  -3  -1  -1    0   0   0   0   7   0   0   6   0  13  10   0   0  13  20   0  32   0   0   0  0.35 0.13
    8 D    -1  -2   1   3  -3  -1   3  -2  -2  -3  -3  -1  -3  -4   0   3  -1  -4  -3   0    0   0   8  23   0   0  23   0   0   0   0   0   0   0   5  30   0   0   0   8  0.46 0.19
    9 V    -1  -4  -4  -5  -4  -3  -2  -4  -4  -1   1  -2   7   5  -4  -1  -1  -3  -2   1    5   0   0   0   0   0   2   0   0   1  10   2  36  24   0   6   3   0   0  10  0.81 0.38
   10 S     2   1   1  -2  -3   1   1  -2   2  -2  -2   3  -1  -4  -3   1   1  -4  -3  -1   17   6   9   0   0   4   8   0   6   2   1  21   2   0   0  10  10   0   0   4  0.26 0.19
   11 I    -3  -5  -5  -6  -3  -5  -5  -6  -5   3   1  -5   2  -3  -5  -3  -1  -5  -4   6    0   0   0   0   0   0   0   0   0  18  13   0   5   0   0   2   3   0   0  59  1.09 0.44
   12 R    -3   2   2   0  -2   0   3  -4   2  -4  -4   2  -1  -5  -3  -1   3  -5  -3  -2    0  10   9   5   1   2  24   0   5   0   0  16   1   0   0   3  23   0   0   3  0.51 0.30
   13 V    -3   2  -4  -5  -4  -2  -4  -5  -4   4   0   0   1   0  -4  -2  -1  -5  -3   4    0  14   0   0   0   1   0   0   0  28   4   6   2   3   0   3   2   0   0  36  0.64 0.34
   14 L    -3   0  -2  -4   0  -1  -3  -3   1   4   2   1   3  -2  -4  -2   1  -4  -3   1    0   5   1   0   2   2   0   1   4  28  18  11   9   1   0   2  11   0   0   5  0.34 0.24
   15 S    -1   1   0   1  -4   1   3  -2  -3  -4  -3   1  -4  -5  -2   4  -1  -5  -4  -3    2   6   4   5   0   6  22   2   0   0   1   9   0   0   1  37   2   0   0   1  0.58 0.34
   16 R    -2   2  -2  -2   0   1   0  -3  -1  -1  -2   3  -3  -4   2   2   1  -4  -3  -2    0   9   0   0   2   7   6   0   1   5   3  21   0   0  12  23   9   0   0   1  0.38 0.26
   17 R     0   0  -1  -1   3  -1   3  -2   0  -3  -2   1  -2  -4  -3   1   2  -4  -2   0    6   4   1   2   7   1  23   2   2   0   2  11   1   0   0  13  16   0   1   7  0.30 0.23
   18 L    -1   1  -1  -4  -3   0  -3  -4   1   1   2  -2   4   0  -1  -2   1  -3  -2   2    3  10   4   0   0   4   0   0   5   4  25   0  14   4   2   0   9   0   0  14  0.29 0.22
   19 V    -3  -5  -6  -6  -4  -5  -5  -6  -6   4   0  -5  -2  -3  -5  -5  -3  -5  -4   6    0   0   0   0   0   0   0   0   0  23   7   0   0   0   0   0   0   0   0  68  1.50 0.56
   20 K     1   3  -1  -3  -3   0  -1   0   1  -3  -2   4  -2  -2  -3   0   1  -4  -3  -1   11  16   2   0   0   3   1   5   3   0   4  30   0   1   0   8   8   0   0   5  0.36 0.24
   21 A     0  -2  -5  -5  -5  -4  -4  -5  -5  -5  -1  -4  -5  -6   8  -4  -3  -6  -6  -3    7   2   0   0   0   0   0   0   0   0   7   0   0   0  78   0   1   0   0   2  2.22 0.73
   22 S     3  -1  -3  -3  -1  -1  -1  -2  -3  -1  -2  -3  -3  -4   1   4   1  -4   0   0   25   3   0   0   1   1   3   1   0   3   2   0   0   0   6  38   8   0   3   6  0.51 0.34
   23 D     1   0   0   1  -3   0   1  -2   0  -2  -1   1  -2  -3   2   1   1  -2  -1  -1   10   4   3   6   0   1  12   1   2   1   7  10   0   0   9  15   9   1   2   5  0.16 0.14
   24 P     0  -4  -2   1  -5  -1   1  -1  -1  -5  -4   0  -4  -5   7  -1  -2  -5  -2  -3    9   0   1   8   0   2  11   4   1   0   1   4   0   0  50   3   1   0   1   2  1.10 0.44
   25 S     0  -1  -3  -2  -4  -3  -3  -3  -4  -1  -2  -2   1  -4  -2   3   6  -5  -4   0    5   3   0   1   0   0   0   1   0   3   3   2   4   0   1  19  50   0   0   7  0.83 0.46
   26 L    -1  -3  -3  -4  -2  -4  -1  -3  -1  -3   1  -3  -4  -2   7   0  -1  -1  -4  -1    5   1   1   0   1   0   4   2   1   1  13   1   0   1  53   6   3   1   0   5  1.14 0.49
   27 Q     0   2   0  -1  -3   3   1   0   2  -1  -2   1  -2  -2  -1   2   0  -4  -3  -3    8  12   3   3   0  14   7   7   5   4   3   6   0   2   2  17   6   0   0   0  0.23 0.19
   28 P    -1  -2   1   0  -4   1   2   1  -1  -2  -2  -2  -2   1   1   0   1  -3  -2  -1    2   1   8   5   0   7  18  13   1   1   3   0   0   9   8   7  11   0   0   5  0.21 0.19
   29 H    -1   2  -2   0  -3   1   2  -3   4  -2   0   2  -2  -2  -3   0   1  -3  -2  -2    5  10   0   4   0   6  16   1  13   1   9  13   0   2   1   4  10   0   0   3  0.29 0.21
   30 V    -1   0   0  -2   0  -1  -1  -3  -1   0   1   1  -1  -1   1   1   2   0  -1   0    3   6   4   0   3   0   2   1   2   4  14  13   1   3   6  12  15   1   1   9  0.12 0.14
   31 V    -2  -3  -4  -5  -3  -1  -4  -5   2   2   3  -3   0   2  -2  -2  -1   2   3   2    2   1   0   0   0   2   0   0   5  14  28   1   1   7   2   3   4   2  11  17  0.42 0.26
   32 T    -1   0   1  -2  -5   2   1  -4  -1  -1   0   0  -3  -2   5  -1  -1   3  -4  -3    4   4   8   2   0  11   9   0   2   3  11   4   0   2  29   3   3   4   0   0  0.53 0.32
   33 F    -4  -5  -3  -6  -4  -5  -5  -6  -5   0   6  -5   2   1  -1   1  -4  -5  -4  -2    0   0   1   0   0   0   0   0   0   3  72   0   4   5   3  10   0   0   0   1  1.17 0.55
   34 S    -1  -4  -1   3  -5  -4  -3  -4  -4  -5  -4  -4  -5  -6  -2   5   4  -6  -5  -5    3   0   2  16   0   0   1   0   0   0   2   0   0   0   1  53  23   0   0   0  1.19 0.62
   35 N     0  -3   2  -3  -3  -3  -2   0   2   1   0  -3  -1   2   2  -1   0   2   1   1    6   0  12   0   0   0   2   7   7   8   9   0   1  12  10   4   4   3   4  11  0.19 0.18
   36 L    -4  -5  -1   1  -4  -2  -4  -5  -4   2   4  -5   0   4  -1  -4  -4   3  -2   0    0   0   4   8   0   2   1   0   0  10  40   0   2  21   4   0   0   4   0   4  0.69 0.38
   37 D    -5  -6  -3   8  -7  -4  -3  -3  -5  -7  -5  -5  -7  -7  -5  -1  -5  -7  -3  -7    0   0   0  91   0   0   0   2   0   0   1   0   0   0   0   4   0   0   1   0  2.53 0.90
   38 L    -2   2   0  -3  -4   4  -1  -4   4  -1   3  -1  -1  -2  -2  -2  -3  -4  -1  -3    4  13   4   1   0  25   3   0   9   3  28   3   1   1   2   2   0   0   2   0  0.52 0.36
   39 Y     1  -1   0  -2  -2   1   0  -2   0   1   1  -1   1  -1  -1  -1   0   3   1   1   14   2   4   2   0   8   4   2   2   8  12   2   3   2   3   2   5   4   7  13  0.08 0.11
   40 P     1  -2  -1   0   0  -2  -3   0  -1   1   0  -3   1  -1   3  -1  -1   5  -1   0   11   1   4   5   2   1   0   6   1  12   8   0   4   3  18   3   4   9   1   7  0.29 0.20
   41 D    -1   0  -2  -1  -1  -2  -3  -2   0  -1   2  -1   0   1   4   0  -1  -3   1  -2    5   5   1   3   1   2   0   3   2   3  23   4   2   5  23   6   3   0   6   1  0.32 0.22
   42 N    -1   3   1   1  -4   0  -1  -1   1  -2  -1   1  -2  -1   2   0   0  -3   1  -1    3  20   8   7   0   3   1   4   4   2   8  11   0   2   9   5   5   0   5   3  0.19 0.16
   43 V    -1  -1  -2  -3   1  -3  -1  -1   2   1   0  -2   2   4  -4  -1   0   2   2   0    4   3   1   0   4   0   3   6   6   7  10   1   6  23   0   4   7   2   7   6  0.25 0.19
   44 Q    -3  -1   0  -2   1   3  -2  -3   6  -4  -2  -3  -3  -1  -1  -3  -4  -3   6  -1    1   3   5   2   3  17   1   2  20   0   4   0   0   2   4   0   0   0  29   6  0.85 0.44
   45 A     0   0  -1  -3  -1   0  -2  -3  -3   3   0  -2   2  -1  -2  -1   1  -3  -1   3    6   6   2   0   1   5   1   1   0  18   6   2   6   1   1   4  12   0   2  24  0.25 0.20
   46 S     0   1  -1  -1  -1  -1   0   1  -1  -2  -3   0  -3  -2   5   1   0  -4  -3  -2    7   7   2   3   1   2   5  10   2   2   3   5   0   2  31  12   4   0   0   2  0.48 0.26
   47 I     0   1  -2  -2   2  -1  -2  -3  -2   2   1  -2   2   1  -2   0   0  -3   1   1    7   8   2   1   5   3   2   0   0  11  14   0   7   5   1  10   5   0   7  11  0.13 0.14
   48 V    -1  -3  -2  -5  -3  -2  -4  -3  -2   3   3  -3   0   1  -4  -1  -2  -4   0   3    5   1   2   0   0   1   0   1   1  21  27   2   1   5   0   4   0   0   3  25  0.49 0.28
   49 C    -4  -4  -2  -5  -1   0  -3  -4   1  -1   3  -4   1   4  -5  -4  -2   2   5  -1    0   0   2   0   2   4   1   1   3   2  34   0   4  20   0   1   2   3  19   3  0.76 0.39
   50 L     0  -4  -4  -5   3  -4  -4  -5   2   1   0  -2   1   6  -5  -2  -2  -3   1   1    7   0   0   0   8   0   0   0   5   8   8   2   3  41   0   3   3   0   2   8  0.77 0.38
   51 Y    -4  -3  -6  -6  -6  -5  -5  -6  -3  -3  -3  -5  -4   6  -6  -5  -5   4   8  -3    1   1   0   0   0   0   0   0   0   1   1   0   0  30   0   0   0   5  57   1  2.16 0.76
   52 P    -1   2   0   0  -1   0   1  -3   2  -3  -1   1  -2   0   4   0  -1   0  -1  -3    3  11   3   6   1   4   8   1   6   1   6  11   0   4  21   6   4   1   1   1  0.31 0.18
   53 K     0   1   0  -1  -2   0  -1  -2   1   0   0   1  -1   0   0   0   0  -2  -1   1   11  11   5   2   0   5   1   2   4   5  10  10   0   4   5   4   7   0   2  12  0.06 0.07
   54 L     1  -2  -1   0  -1  -1  -2  -1   0   0   0  -1  -1  -1   4   1   0  -3  -1   0   11   2   3   4   1   2   1   3   2   6  10   3   0   3  22  13   5   0   1   7  0.24 0.13
   55 S     1  -1   0   2  -1   1   0   0  -1  -1   0   0  -1  -1   1   1   0  -2   0  -2   11   3   4  14   1   7   6   5   1   4   9   4   0   3   7  12   3   0   3   1  0.09 0.08
   56 T     0   0   0   1  -2   0   0  -1  -1  -1  -2   0  -2   0   2   2   0  -2   1   0    8   5   3   9   0   3   6   4   1   2   4   4   0   4  12  17   4   0   6   6  0.14 0.11
   57 K     1   0   1   0  -2   0   0  -1   1  -2  -2   1   0  -1   1   1   0  -2  -1  -2   15   6   8   3   0   2   7   4   3   2   3   8   3   4   8  13   4   0   2   2  0.12 0.10
   58 S    -1   0   3   0  -3  -1   0  -1  -1  -3  -2   0  -1  -3   0   3   1  -3  -1  -1    4   5  18   4   0   2   7   3   1   1   5   6   2   1   3  23  10   0   3   4  0.25 0.19
   59 G     1   0   1   1  -2   0   0   2   0  -2  -1  -1  -2  -2   2   1   0  -2  -1  -1   12   4   6   8   0   4   3  15   2   2   6   3   0   2   9  13   6   0   2   3  0.13 0.09
   60 P     0   0   0   2   0  -1   1  -1   0  -1  -2  -1  -2   0   3   0   0  -2  -2   0    9   5   3  11   2   1   9   4   2   4   2   3   1   4  15   9   7   0   1   8  0.16 0.09
   61 G     0   1   0   1  -1   0   1   1  -1  -2  -1   0  -2  -2   1   1   0  -2  -2  -2    7   8   3  10   1   4   7  14   1   3   7   3   1   1   6  13   7   0   1   2  0.13 0.08
   62 G     0   1   1   0  -1   0   0   0   1  -1  -1   0   0  -1   0   1   1  -2  -1   0    7   7   6   7   1   4   3   8   6   3   5   5   3   2   3  13  10   0   1   6  0.05 0.04
   63 G     0  -1   0   1  -2   0   0   0  -1  -1   0  -1  -1   3  -1   1  -1  -1   1  -1    7   3   5   9   1   4   4   9   1   3   8   4   1  18   2  13   2   0   4   2  0.10 0.09
   64 F     0   1   0   0  -2   0  -1   0   1   0   0   0   0   1   0   0   0  -1   1  -1    7   8   3   4   0   4   2   5   5   4  12   6   1   8   4   9   5   0   6   4  0.03 0.04
   65 D    -1  -1   0   4  -3   1   2  -2   1  -3  -2   0  -2   0  -1   1  -2  -3  -1  -1    5   3   4  27   0   6  16   2   3   1   4   6   0   4   2   9   1   0   1   4  0.33 0.18
   66 A     1   0   0   2  -2   0   0   0   2  -1  -1   0   1  -1   0   0   1  -2  -2  -1   13   6   3  14   0   3   5   7   6   4   4   6   4   2   3   5   8   0   1   5  0.08 0.07
   67 V     0  -3  -2   0  -2  -1  -2  -1  -3   3  -1  -2  -1   0   3  -1   1  -3  -2   2    7   1   1   5   0   2   2   5   0  20   3   1   0   5  16   3   9   0   1  16  0.26 0.17
   68 V     1  -2  -3  -3  -2  -2   0  -2   0   2   0  -2  -1   1  -2   0  -1  -3  -1   3   13   2   1   1   0   1   6   3   2  12   9   2   0   6   2  10   2   0   1  28  0.21 0.17
   69 S     1   1   0   1  -4   1   3  -2   1  -4  -3   2  -1  -4   2   1  -1  -4  -3  -2   11   6   3   6   0   5  19   2   3   0   2  12   1   0  10  13   2   0   0   2  0.31 0.21
   70 T     0   1   2   0  -3   1  -2  -2   2  -1   0   2  -2  -2  -2  -1   1  -4  -2   1    7   7  12   4   0   6   0   2   6   2  10  16   0   2   1   3   9   0   0  14  0.15 0.16
   71 F    -4  -5  -6  -6  -4  -5  -6  -6  -6   3   5  -5   1   0  -6  -5  -2  -5  -4   0    0   0   0   0   0   0   0   0   0  18  68   0   2   3   0   0   3   0   0   6  1.29 0.53
   72 E    -3   4  -3  -3  -5   2   2  -5   0  -2  -5   5  -1  -5  -4  -3   0  -5  -4  -4    2  25   0   0   0   7  15   0   2   3   0  39   1   0   0   0   5   0   0   0  0.98 0.47
   73 A     1   1   0   2  -4   1   2  -1   0  -2  -2   1  -2  -2  -2   0   0  -4  -3  -3   15   9   2  15   0   7  16   3   2   2   4  11   1   1   1   5   7   0   0   0  0.26 0.19
   74 V     3  -4  -3  -4  -4  -4  -4   3  -4  -2  -3  -4  -4  -3  -2   4  -2  -5  -5  -2   30   0   0   0   0   0   0  26   0   2   3   0   0   1   1  32   1   0   0   3  0.80 0.45
   75 L    -5  -6  -7  -7  -5  -6  -6  -7  -6   0   6  -6   1  -1  -6  -6  -5  -5  -4   0    0   0   0   0   0   0   0   0   0   3  87   0   3   2   0   0   0   0   0   5  1.72 0.66
   76 P     3  -1   1  -3  -4   0   0  -1   0  -4  -4  -2  -4  -2   0   4  -1   0  -1  -3   23   2   6   0   0   3   7   4   2   0   0   1   0   1   5  38   2   2   2   1  0.53 0.35
   77 T     0   3  -2  -1  -4   2   2  -1   0  -2   0   2  -2  -1  -3   0  -1  -4  -3  -1   10  17   0   2   0   8  15   4   2   2  11  14   0   2   0   6   3   0   0   3  0.24 0.19
   78 L     3  -4  -3  -4  -3  -3  -3  -3  -4   1   2  -3  -2  -1  -4   0   3  -4  -1   2   26   0   0   0   0   0   0   0   0   6  20   0   0   2   0   6  25   0   2  12  0.49 0.32
   79 L    -3  -1  -6  -6  -4  -5  -5  -6  -5   0   6  -5   1   0  -6  -3  -2  -5  -4  -1    2   3   0   0   0   0   0   0   0   4  79   0   2   3   0   2   2   0   0   3  1.34 0.56
   80 N     1  -2  -1   1  -3   2  -1  -1  -3  -1  -2   0  -1  -4  -3   1   0  -4  -3   3   13   1   2   8   0   9   3   5   0   1   2   7   1   0   0  12   6   0   0  30  0.26 0.24
   81 H    -1   1   0   1  -4   0   1  -4   6  -2  -2  -1  -3   0   1   0  -3  -4   2  -2    5  10   5   9   0   3  10   0  21   2   4   3   0   4   9   8   0   0   7   2  0.38 0.25
   82 F    -5  -5  -5  -6  -5  -5  -3  -6   0   0  -2  -5  -3   6  -6  -3  -3   5   7   1    0   0   0   0   0   0   1   0   2   5   3   0   0  35   0   2   1   7  34  10  1.42 0.56
   83 Y    -4   2  -4  -3  -5  -2  -3  -5  -1  -4  -1  -2  -4   1   5  -2  -4  -3   7  -2    0  13   0   2   0   2   1   0   1   0   6   1   0   6  25   2   0   0  37   3  1.11 0.51
   84 P    -1  -3  -5  -2  -6   2  -3  -5   1  -1  -2  -1  -4   1   7  -4  -4   3  -4  -2    4   1   0   3   0   9   1   0   4   3   4   4   0   5  54   0   0   4   0   2  1.31 0.56
   85 L    -2  -4  -5  -5   0  -4  -5  -5  -4   1   5  -5   3   3  -5  -4  -3   2   1   0    3   0   0   0   2   0   0   0   0   5  53   0   7  14   0   0   0   3   4   6  0.88 0.40
   86 A     6  -4  -4  -2  -4  -4  -4   0  -4  -4  -3  -4  -4  -5  -1   1   0  -5  -5  -2   67   0   0   2   0   0   0   8   0   0   2   0   0   0   3   9   5   0   0   2  1.09 0.53
   87 G    -1  -6  -4  -5  -2  -5  -6   7  -6  -7  -7  -5  -6  -7  -6  -3  -5  -6  -7  -7    4   0   0   0   1   0   0  92   0   0   0   0   0   0   0   2   0   0   0   0  2.36 0.80
   88 R    -4   7   1  -2  -6   1  -2  -5   3  -6  -4   3  -4  -6  -5  -1   0  -6  -4  -5    0  55   5   2   0   5   1   0   6   0   2  14   0   0   0   4   5   0   0   0  1.23 0.54
   89 I    -3  -4  -5  -5  -4  -4  -5  -5  -5   3   5  -4   2   1  -5  -4  -2  -4  -1   3    0   0   0   0   0   0   0   0   0  13  51   0   3   6   0   0   2   0   2  19  0.89 0.39
   90 V     0   4  -2  -2  -2  -2   0  -1  -3   1  -2   1  -1  -3  -3   0   0  -4  -3   2    9  24   2   1   1   0   5   5   0   8   2  10   1   0   0   5   6   0   0  22  0.29 0.23
   91 V    -1   2   0   0  -1   0   1  -2   1   0  -1   0   2  -1   0  -1   0   4   0   1    3  13   4   6   1   2  10   1   4   6   5   6   7   1   5   2   4   6   3  10  0.11 0.11
   92 N    -2   2   3   3  -4  -1   1   0  -2  -3  -3  -1  -3  -4   0   1  -1  -4  -2  -2    1  13  17  20   0   1   8   7   0   1   3   1   0   0   6  12   3   0   1   4  0.38 0.23
   93 P    -1  -1   0   1  -3  -1  -1   1   1  -2  -2   0   0  -3   4   0   0   0  -3  -1    3   4   3   9   0   2   3  12   4   2   4   7   3   1  26   9   4   1   0   4  0.36 0.19
   94 S    -2   1   3   2  -3   1   2  -1  -1  -2  -3   0  -3  -4  -1   1   0  -4  -2  -3    1   7  18  14   0   6  14   4   1   2   2   5   0   0   3  13   6   0   2   1  0.33 0.21
   95 S     0   1   1   3  -3  -1   0   2  -2  -3  -3  -1  -3  -3   0   2   1  -3  -3  -3    7   9   5  16   0   1   6  18   0   1   2   3   0   1   3  15  10   0   0   1  0.28 0.17
   96 G    -1   0   0   0   0  -2   0   5   1  -4  -4   1   0  -4   0  -2  -1  -4  -4  -3    2   6   4   4   2   0   6  45   4   0   1   9   3   0   4   1   4   0   0   2  0.59 0.30
   97 V    -2   4  -2   0  -3   0   1  -1   0  -2  -1   2  -1  -2  -1   0   0   0   0   0    1  23   0   4   0   3   9   4   2   0   6  17   2   1   2   6   5   1   3   8  0.24 0.18
   98 P    -2   1  -2  -4  -3  -3  -2  -3  -3   1   2  -1   1   1   4  -2  -2   1   0   1    3   7   2   0   0   0   2   2   0   7  27   2   3   8  22   2   1   2   2   9  0.39 0.23
   99 E    -1   0  -2   0   3   1   3  -3   0  -1  -2  -1   0   0  -3   0  -1   1   4   0    5   6   1   4   6   7  23   1   2   3   1   3   3   2   0   5   3   2  16   6  0.28 0.22
  100 L    -3  -5  -5  -5  -4  -2  -5  -6  -5   5   2  -3  -1   0  -1  -4  -3   0  -2   4    1   0   0   0   0   2   0   0   0  35  21   1   0   3   4   0   0   1   1  30  0.86 0.41
  101 H    -1   1   0   4  -4  -1   1  -3   4  -2  -2   0  -3  -4  -1   0  -3  -5  -2   1    4   9   2  28   0   2   9   1  13   1   4   6   0   0   3   5   0   0   1  11  0.44 0.29
  102 C    -2  -6  -6  -6   9  -5  -6  -4  -5   0   0  -5  -4   0   0  -3  -4  -4   3   1    3   0   0   0  52   0   0   1   0   5   8   0   0   3   5   1   0   0  11   9  1.68 0.62
  103 H    -3  -1   5   2  -3  -1  -1  -2   2  -5  -3  -2  -4  -5   1   1   3  -6  -4  -4    1   4  34   9   1   3   3   2   4   0   2   1   0   0   8   9  20   0   0   0  0.70 0.40
  104 N     0  -2   2   5  -5  -3   1   3   0  -5  -6  -1  -5  -6  -1  -2  -2  -6  -5  -5    9   2  11  33   0   0   7  25   2   0   0   3   0   0   3   1   1   0   0   0  0.78 0.39
  105 Q     0  -1   0   2   1   2   4  -1  -1  -5  -3  -1  -2  -5   0   2  -1  -5  -4  -4    6   2   4  10   3  10  33   3   1   0   3   3   1   0   4  15   2   0   0   0  0.51 0.32
  106 G     0  -3   1   0  -5  -2  -4   6  -4  -3  -4  -4  -5  -6  -5   2  -3  -6  -6  -5    6   1   6   5   0   2   0  62   0   1   2   0   0   0   0  14   1   0   0   0  1.20 0.52
  107 A     3  -3  -4  -5  -3  -2  -4  -3  -5   2   1  -4  -2  -1   0  -1  -1  -5  -4   4   25   2   0   0   0   2   0   1   0  10  10   0   0   2   6   3   3   0   0  37  0.57 0.35
  108 E    -1   2  -2   0  -1  -1   1  -1  -1  -1   1  -1   0  -3   3  -1  -1   2   0   0    2  14   1   5   1   2  12   5   1   3  14   1   2   0  14   5   3   3   4   8  0.16 0.16
  109 L    -5  -6  -6  -3  -5  -6  -6  -6  -1   2   2  -6  -1   7  -6  -5  -3  -3   2   1    0   0   0   2   0   0   0   0   2  10  21   0   1  50   0   0   1   0   5   8  1.30 0.53
  110 V    -1  -4  -1  -4  -3  -4  -2  -5  -1   3   0  -2  -2  -1  -3  -2   2  -5  -1   4    3   0   3   0   0   0   3   0   2  20   9   3   0   2   1   3  13   0   1  38  0.55 0.33
  111 V    -2  -1  -2   1  -5  -1   5  -4   3  -1  -3  -2  -1  -1  -2  -1  -1  -5  -4   2    2   3   1   8   0   1  43   1   7   3   1   1   1   3   2   3   4   0   0  16  0.61 0.38
  112 G     5  -2  -2  -4  -3  -1  -1   0  -1  -1  -3  -2  -3  -2  -4   1   0  -5  -4   1   56   1   1   0   0   2   3   6   1   3   2   2   0   2   0   7   5   0   0   9  0.68 0.41
  113 E     0   2   0   2   0   1   3  -2  -1  -4  -4   0  -1  -4  -2   0   1  -5  -2  -1   10  15   3  12   2   6  20   1   1   0   0   5   2   0   1   7  11   0   1   3  0.32 0.23
  114 V     3  -4  -3  -4   1  -2  -2  -3  -4   0   0  -3   0   0  -4   2   2  -4  -3   1   29   0   0   0   3   1   2   0   0   4  11   0   2   5   0  19  13   0   0  10  0.40 0.30
  115 G    -2  -1   2   5   2  -1   0   1   1  -3  -5  -1  -2  -5   0   0   0  -5  -2  -4    2   4   9  38   4   1   6   9   3   2   0   3   1   0   4   6   6   0   1   1  0.56 0.32
  116 V     0  -2  -1   0   4  -1   0   1   1   0  -1  -2   0   0   0   0  -1  -3  -1   1    9   2   1   7  11   1   6  12   4   4   6   0   3   4   4   8   2   0   2  13  0.10 0.12
  117 A     1   0  -1   3  -1  -1   1  -2  -3  -2  -2  -1  -1  -2   1   1   2  -4  -3  -1   11   6   1  16   1   2  10   2   0   1   3   2   1   2   8  13  16   0   0   3  0.24 0.20
  118 L    -2  -4  -2  -5  -4  -4  -5  -5  -2   2   4  -3   4   2  -3  -4   0  -4  -1   2    3   0   2   0   0   0   0   0   1  11  44   1  10   8   1   0   5   0   1  11  0.66 0.34
  119 G     1  -1   1   3  -5   0   4  -2   1  -4  -3  -2  -4  -5  -1   3  -3  -5  -4  -3   10   4   6  17   0   2  25   3   4   1   3   0   0   0   3  22   0   0   0   1  0.53 0.34
  120 S    -1  -1   0   4  -1   2   2  -3   0  -2  -2   0  -1  -1  -3   1  -2   1  -1   0    5   2   3  24   1  11  14   0   2   1   4   5   1   3   0  10   1   2   2   7  0.34 0.24
  121 L     0  -3  -4  -3  -1  -3  -2  -3  -1   1   3  -1   0   2  -1   0  -2   2   0   1    7   0   0   1   1   0   3   1   1   6  33   5   1  11   3   9   1   3   3  12  0.27 0.21
  122 D    -2  -1   2   6  -5  -3  -2   2  -1  -2   0  -1  -3  -5  -1  -2  -4  -6  -5  -3    2   3   8  45   0   0   1  16   1   2  12   3   1   0   3   1   0   0   0   1  0.80 0.41
  123 Y    -1  -1   0   2  -3   0   0  -1   1  -1   0   0  -2   2   1   0  -1  -3   1  -1    5   3   3  15   0   3   6   3   5   2  13   6   0  10   7   8   2   0   5   4  0.10 0.11
  124 G     0  -2   0  -1  -3   0  -2   0   2  -1   1   0   0   2   2  -1  -1   0   2  -2    8   1   5   4   0   4   2   9   6   3  15   5   2  11  13   2   2   2   6   1  0.15 0.14
  125 L     0   1  -1   0  -1   0   0  -2   0   0   1   0   0   0   1  -1   0  -3  -1   0    9  10   2   4   1   4   7   2   3   5  18   5   2   4   8   3   4   0   2   7  0.06 0.07
  126 A     0  -1   0   1  -4  -1  -1  -2   1  -3   0  -1  -2  -3   5   0  -1  -4   1  -1   10   3   5   8   0   3   2   2   4   1  12   3   1   0  27   7   3   0   5   5  0.39 0.24
  127 E     0   1   1   1  -1  -1   1  -1   0  -1  -2  -1  -3  -3   3   1   2  -1  -3  -1    7  10   6   9   2   1   9   3   3   4   4   3   0   0  14  10  13   1   0   3  0.20 0.16
  128 E    -2   1   1   2  -1  -1   1  -1  -1  -2  -1  -1   0  -2   4  -1   1  -5  -3  -1    2   8   7  13   2   1   9   5   1   1   7   1   3   2  21   4   9   0   0   4  0.30 0.20
  129 S     0  -2  -1   1   1  -1   1  -1  -1  -1   0  -1  -1   1   0   1   0  -3   0   0    8   1   1   7   3   1   9   5   1   1  10   3   0   8   5  15   7   0   4  10  0.07 0.11
  130 L     1  -3  -2  -3  -3  -2  -3  -3   0   0   3  -2   1   2  -2  -2  -1   0   2   1   14   0   1   1   0   2   0   1   2   5  32   3   3  11   2   1   2   1   6  11  0.30 0.21
  131 K    -2   1   0   0  -5  -1   1  -2   2  -3  -2   1  -3  -3   5   0  -1  -5  -1  -1    2   8   4   5   0   2  10   2   5   1   3   8   0   1  31   6   4   0   2   4  0.53 0.28
  132 K    -2   1   0   2  -2   2   3   0   0  -2  -1   1  -3  -1   1   0  -2  -4   0  -2    2   6   4  11   1   9  21   8   1   3   5   8   0   3   7   5   1   0   3   3  0.20 0.16
  133 I    -2  -1  -3  -1   0   0  -2  -2  -2   1   3   0   1   2   1  -3  -3  -3  -2  -1    2   4   1   3   2   5   1   3   1   9  39   5   2  10   7   1   0   0   1   2  0.31 0.23
  134 M    -2  -2  -2  -2  -3  -1  -2  -4   1   1   3  -2   1   2   0  -1  -2  -1   0   1    3   1   1   2   0   3   2   0   4   9  33   2   3   8   5   5   1   1   3  13  0.25 0.18
  135 M     0  -1  -3  -2   1  -2   0  -2   1   0  -1  -1   1   0   4  -1  -1  -3   2   0   10   3   0   2   3   0   6   2   5   7   6   3   4   4  22   4   4   0   9   7  0.25 0.16
  136 P     0  -3  -1   2  -2  -2  -1  -4  -1  -2  -1  -2  -3  -2   5   1   0  -2  -1   0    7   0   2  13   1   1   4   0   2   1   6   1   0   2  34  10   5   1   2   9  0.58 0.28
  137 Y    -1  -2   0  -1  -3  -2  -2  -2   1   0   1  -1  -1   2   0  -1   0   3   3   1    4   1   4   3   0   1   1   2   5   5  14   5   1   9   5   6   4   4  13  15  0.14 0.13
  138 P     0  -1  -2   1  -4  -2   1  -2  -2  -4  -4   0   0  -5   6   1   0  -5  -4   0    5   2   1   8   0   0  11   2   1   0   0   5   3   0  40  11   5   0   0   7  0.79 0.33
  139 E     0  -1   0   3  -3   0   2   0  -1  -1  -2   0  -2  -3   1   1   0  -4  -1  -2    6   2   3  23   0   3  15   8   1   3   2   4   1   0   5  15   3   0   2   3  0.26 0.16
  140 D     0   2   0   3  -3   0   0   1   0  -2  -1   0  -2  -2   0   1  -1  -4  -2  -1    7  15   4  19   0   2   6  12   3   2   6   2   0   1   5  11   1   0   1   5  0.17 0.13
  141 V     0  -3  -3  -3   0  -3  -2   0  -4  -1  -2  -3  -2  -5   7   1  -1  -5  -5  -1    6   1   1   0   2   0   3   8   0   4   4   0   1   0  51  11   4   0   0   4  1.07 0.39
  142 T    -1  -3  -4  -2  -3   0  -2  -3  -4   2   3  -3   0  -1   2  -2  -1  -4  -1   2    4   0   0   2   0   4   1   1   0  12  36   0   1   2  13   2   4   0   2  17  0.39 0.22
  143 L    -1  -1  -4  -5  -3  -4  -4  -5  -4   0   4  -4   2   4  -2  -2  -2  -3   0   1    5   3   0   0   0   0   0   0   0   3  49   0   5  17   2   2   1   0   2   9  0.60 0.29
  144 S     1   0  -1  -3   0   0  -2  -2  -3   0   1  -2   3  -1  -1   2   0  -1  -1   1   15   7   2   0   2   4   0   1   0   4  11   0   9   1   2  21   3   1   2  15  0.16 0.17
  145 V    -2  -5  -5  -2  -3  -4  -5  -5  -5   3   2  -4   2   2  -5  -4  -3  -4  -3   5    1   0   0   2   0   0   0   0   0  18  17   0   4   9   0   0   0   0   0  48  0.83 0.35
  146 Q    -4   0  -3  -2  -6   7   1  -5   4  -5  -5   1  -4  -3  -4  -3  -2  -5  -4  -5    0   3   0   2   0  67   6   0  10   0   0   8   0   1   0   0   2   0   0   0  1.56 0.59
  147 L     0  -4  -5  -5  -3  -2  -4  -2  -5   3   2  -4   2  -3  -4  -3  -2  -4  -3   5    6   0   0   0   0   2   0   3   0  15  18   0   4   0   0   0   0   0   0  52  0.79 0.35
  148 L    -1  -3   3  -3   0  -3  -3  -4  -1  -2  -1  -3  -1  -4  -4   1   6  -5  -4  -1    4   0  14   0   2   0   0   0   2   2   5   0   2   0   0   8  59   0   0   2  0.95 0.44
  149 S    -1   3   0  -2  -1   0   0  -2   1  -1   0   0   0   1  -1   1   0   0   0  -1    3  26   4   0   1   3   5   1   4   3   7   5   3   6   3  13   4   2   2   4  0.16 0.14
  150 F    -5  -5  -5  -6  -5  -5  -5  -6  -1  -1   2  -5   3   8  -6  -5  -4  -2   1  -2    0   0   0   0   0   0   0   0   1   2  17   0   7  68   0   0   0   0   2   1  1.69 0.54
  151 A     1   2  -1   0  -3   0   0  -1  -1  -1  -2   2   0  -3   2   0   1  -4  -3  -1   13  12   2   5   0   3   3   3   1   5   0  18   3   0  10   7  12   0   0   4  0.21 0.15
  152 C     0  -3   1   1   9  -3  -2  -1  -1  -3  -3  -2  -3  -3  -3   0  -2  -3  -3  -3    6   1   6   9  49   1   3   4   2   1   2   2   0   1   1   8   1   0   1   1  1.18 0.35
  153 G    -1  -2  -1   2  -2  -1  -2   6  -2  -5  -5  -3  -4  -5  -4  -1  -3  -4  -4  -5    2   2   1  13   1   3   1  69   1   0   0   0   0   0   0   4   0   0   0   0  1.19 0.37
  154 G     0  -4  -2  -2  -1  -4  -4   6  -4  -4  -5  -3  -4  -5  -4   0  -3  -4  -5  -1    4   0   0   2   2   0   0  77   0   0   0   0   0   0   0   7   0   0   0   4  1.38 0.41
  155 F    -1  -3  -3  -4   0  -3  -4  -2  -3   2   2  -3  -1   4  -4  -2   1   1   0   2    3   0   0   0   2   0   0   3   0  14  20   0   0  25   0   0  10   2   1  16  0.40 0.19
  156 S     2  -3  -3  -3   3  -3  -3  -1  -3   3   0  -3   0  -1  -3   1   0  -3  -2   3   19   0   0   0   7   0   0   4   0  24   7   0   1   2   0  10   3   0   0  21  0.32 0.18
  157 V    -2  -4  -5  -5  -3  -4  -5  -5  -5   4   3  -4   2   2  -4  -4  -2  -4  -2   3    3   0   0   0   0   0   0   0   0  30  36   0   4   7   0   0   0   0   0  20  0.75 0.29
  158 V     2  -4  -2  -2   1  -3  -3   5  -2  -3  -3  -3  -3  -2  -3   0   1  -4  -4   0   17   0   1   2   4   0   0  46   1   0   2   0   0   1   0   6  12   0   0   8  0.64 0.27
  159 W    -1  -4  -2  -4  -1  -3  -4  -4  -3   2   2  -3   2   3  -4  -1   0   2   0   2    3   0   2   0   1   0   0   0   0  13  26   0   5  18   0   4   7   3   2  18  0.39 0.19
  160 A     1   1   0  -1   2  -1  -2   1  -1  -1  -2  -2  -2  -2  -3   2   2  -4  -2   0   13  10   5   3   6   1   0  14   1   2   1   0   0   1   0  16  20   0   1   7  0.23 0.17
  161 N     0  -3   0  -3  -1  -2  -3  -2  -3   1   0  -3   2   4  -4  -1   1   6   2   0    8   0   7   0   1   1   0   3   0   7   9   0   6  20   0   5   9  13   5   6  0.37 0.19
  162 N    -1  -2   4  -1   0   1  -1  -3   6  -2  -2  -2  -3  -4   1   2  -1  -5  -2  -1    4   0  26   2   3   7   1   0  21   2   3   0   0   0   6  19   2   0   0   4  0.56 0.28
  163 N    -5  -4   1  -4  -6  -3  -3  -5  11  -7  -6  -4  -5  -5  -6  -2  -5  -6  -2  -7    0   0   5   0   0   0   0   0  92   0   0   0   0   0   0   3   0   0   0   0  3.08 0.78
  164 L     1  -1   1  -2   3  -1  -2  -1   2   0  -1   0   0  -2  -3   0   2   0  -1   1   13   2   7   0   8   2   0   3   6   8   3   8   3   1   0   7  17   2   1  11  0.13 0.12
  165 L     1  -4  -4  -5   0  -3  -4  -4  -4   3   2  -4   4  -1  -4  -2  -1  -4  -3   4   10   0   0   0   2   0   0   0   0  15  17   0  11   1   0   1   1   0   0  41  0.63 0.28
  166 N     2  -3  -1  -3   4  -2  -3   0  -3   0  -1  -3   2   3  -3   1   0  -3  -1   0   27   0   3   0   9   2   0   7   0   3   4   0   6  17   0  10   5   0   0   7  0.27 0.19
  167 D    -5  -5  -2   8  -7  -3  -1  -1  -4  -6  -7  -4  -6  -7  -5  -3  -4  -7  -6  -6    0   0   0  95   0   0   0   5   0   0   0   0   0   0   0   0   0   0   0   0  2.34 0.65
  168 G     4  -4  -3  -4  -3  -3  -4   5  -4  -1  -4  -3   0  -2  -2  -2  -2  -4  -4  -1   37   0   0   0   0   0   0  48   0   4   0   0   3   2   1   0   1   0   0   5  0.90 0.35
  169 N     0   1  -1  -2   0   0  -2  -2   0   0   0   0   1   1   0  -1   1   1   1   0   12  10   3   0   2   3   0   2   3   5   9   5   5   7   3   2  15   2   4   7  0.05 0.08
  170 A     1  -5  -4  -5  -2  -5  -5   6  -5  -6  -7  -5  -6  -7  -5   4   2  -6  -6  -6   10   0   0   0   1   0   0  51   0   0   0   0   0   0   0  27  11   0   0   0  1.36 0.67
  171 I     2  -3  -2  -4  -3  -1  -3  -2  -2   2   2  -2   3   1  -4  -1   1   0   1   0   23   1   2   0   0   2   1   3   1  13  17   1  10   5   0   2   8   1   4   4  0.29 0.26
  172 T     2  -3  -1  -2  -3  -2  -2   2  -3   0   0  -1   1   0  -4   2   0   1  -2   0   17   0   3   1   0   1   2  16   0   4  10   4   3   5   0  19   3   2   1   8  0.21 0.22
  173 M    -1  -1   1   0  -4   3   1  -2   4  -2   0   0   1  -3  -4  -1   2  -4  -1  -1    5   2   6   4   0  16   9   3  11   2   9   5   4   1   0   3  15   0   1   5  0.27 0.25
  174 C    -3  -7  -7  -7  -2  -7  -7  -7  -6   3   1  -7  -3   8  -7  -6  -6  -4  -2  -2    3   0   0   0   1   0   0   0   0  18  12   0   0  63   0   0   0   0   0   3  1.94 0.77
  175 V    -2  -5  -3  -6  -1  -5  -5  -4  -3   4   3  -3   5   1  -6  -5  -2  -5  -2   2    3   0   1   0   1   0   0   2   1  26  33   1  13   5   0   0   2   0   1  10  0.81 0.43
  176 R    -1   2   4   0  -2   0   0  -2   0  -2  -4   3  -2  -5  -4   0   0   0  -4  -1    4  10  23   4   1   3   6   3   2   2   1  22   1   0   0   6   7   1   0   5  0.46 0.33
  177 M     4  -3  -1   1  -4  -3  -1  -1   1  -2   1  -3   1  -4  -4   2   1  -5  -2  -3   37   1   3   7   0   0   4   3   4   1  14   0   4   0   0  12   9   0   1   0  0.45 0.37
  178 W    -7  -7  -8  -9  -7  -7  -8  -8  -7   0   2  -8  -1   1  -8  -7  -7  11  -1   0    0   0   0   0   0   0   0   0   0   6  19   0   2   6   0   0   0  60   1   6  2.85 1.04
  179 S     5  -5  -3  -5  -2  -4  -4   2  -5  -5  -4  -4  -2  -6  -5   3   1  -6  -5  -3   52   0   1   0   1   0   0  14   0   0   1   0   1   0   0  21   7   0   0   1  1.06 0.59
  180 E     0   2   0   2  -2   1   3  -4   3  -5  -4   1  -2  -5  -4   1  -2   0  -2  -4   10  10   3  11   1   4  25   0   8   0   1  10   1   0   0  11   2   1   1   0  0.49 0.34
  181 L     1  -4  -1  -5   4  -4  -4  -4   0   3   2  -4   3   0  -4  -1   1  -4  -1   1   14   0   3   0   8   0   0   0   3  17  20   0  10   3   0   4   8   0   2   8  0.42 0.29
  182 A     4  -5  -1  -5   7  -3  -5  -4   1  -2   0  -5   1  -2  -5  -2   1  -5  -5   1   33   0   3   0  26   1   0   0   3   1   8   0   3   1   0   2   8   0   0  10  0.92 0.50
  183 R    -1   7  -1  -4  -1   1  -2  -4   2  -6  -5   2   0  -6  -5  -1   0  -6  -5  -5    5  53   3   0   2   6   1   1   4   0   0  11   3   0   0   5   5   0   0   0  1.16 0.58
  184 A     0  -1   1   0  -4   0  -1   5   1  -2  -3   0  -1  -3  -2   0  -1  -4  -4  -2    5   2   7   4   0   4   3  43   4   3   2   5   2   1   1   6   4   0   0   3  0.52 0.29
  185 G     0   0   0   0  -3   0   2   3   1  -2  -3  -1   0  -2   0   0  -1  -1  -3  -3    9   6   5   5   0   4  13  28   3   2   2   2   3   2   4   8   2   1   1   1  0.29 0.19
  186 G     0   0   0   1  -3   1   1   1  -1  -1  -1   0  -1  -1   1   0   0   0  -2  -1    8   3   4   8   0   7  13  10   1   2   7   7   1   3   7   6   6   1   0   4  0.10 0.08
  187 S     1   0   2   1  -3   0   1   0   1  -2  -2   1  -2  -1   2   1   0  -3  -2  -2   10   4   9   9   0   4   7   7   3   2   2  11   0   3   9  12   5   0   1   1  0.17 0.12
  188 I     0  -1   0   1  -2   0   0  -1   0   1   0   0   0   0   1   0   0  -2   0   0    9   1   3   8   0   5   4   5   3  12   8   5   1   5   7   6   7   0   3   7  0.03 0.04
  189 A     1  -2  -1   0  -3  -1   0   0  -1  -1  -1  -1  -2  -2   4   1   0  -3  -3  -1   15   1   1   6   0   3   6   6   1   4   6   3   0   1  20  13   6   0   0   5  0.26 0.18
  190 T     1  -1  -1  -1  -3  -1   0  -2  -1  -1   1  -2   0  -1   3   1   2  -3  -3   0   10   2   3   3   0   3   6   2   1   4  14   1   2   3  13  11  16   0   0   6  0.17 0.16
  191 V     0  -2  -2   0  -1   1   1  -3  -3   0   1  -1   0  -1   3  -1   1  -3  -1   1    8   0   0   6   1   7   9   1   0   5  13   2   2   3  16   2   8   0   3  12  0.20 0.17
  192 G    -1  -1  -1  -1   3   0   0   0  -1  -1   0   1  -2  -1   4   0  -1  -4  -2  -1    3   2   3   3   6   3   6   8   2   5  10   8   0   2  22   7   4   0   1   4  0.25 0.18
  193 A     0  -2   0   0   0  -1  -1  -2  -1  -1   0  -2  -2   1   4   1  -1   0  -2   0    9   2   4   5   2   3   4   2   1   3   9   1   0   8  21  14   3   1   1   7  0.26 0.20
  194 V     0  -1  -2  -2  -2   0  -1  -1  -3   1   2   0  -1  -1   1   0   1  -3  -2   2    6   2   1   2   0   4   3   4   0   8  20   7   0   2   8   7   7   0   0  16  0.13 0.13
  195 S     0   0  -1   0  -1   0   0   0   0   0   0  -1  -1   0   4   0   0   0  -1  -1    6   4   2   4   2   3   8   6   2   7   9   3   2   5  20   7   5   1   1   3  0.18 0.11
  196 V     0  -1  -1  -2  -1  -1  -1   0  -1  -1  -2  -2  -1   1   4   1   0   2  -1   1    7   3   3   2   2   3   4   7   1   4   4   1   1   6  23  10   5   3   2  11  0.26 0.17
  197 N     0   1   0   1   0   0   0  -2   2   1  -1  -1  -1   1  -2   1   0   0   0   1    6   8   6   7   2   4   8   1   6   8   5   1   1   7   1  12   4   1   2  10  0.06 0.09
  198 H    -1   0  -2   1  -3  -1  -1  -4   3   1   1  -2  -2   2   0  -1  -2   7   0  -1    5   6   2   9   0   2   3   1   7   7  15   1   0   9   5   5   2  15   3   4  0.37 0.24
  199 D    -2   1   0   6   0   0   1  -3   1  -3  -2  -2  -4  -5  -1  -1  -1  -5  -4  -3    2   9   4  43   2   4   8   1   4   1   4   2   0   0   3   5   4   0   0   2  0.72 0.39
  200 R     0   7  -2  -2  -5  -2  -2  -3  -4  -5  -3   0  -4  -5  -1  -2   0  -5  -5  -2    9  61   2   2   0   1   2   2   0   0   3   3   0   0   3   3   5   0   0   3  1.22 0.58
  201 S     0  -1   0   2  -3   1   2  -1   0  -2  -1   0  -2  -3  -2   2   2  -4  -2  -2    5   3   3  13   0   5  15   4   2   1   7   6   0   0   1  16  14   0   1   3  0.23 0.19
  202 M    -1  -2  -3  -3  -3  -1  -2  -4  -2   2   3   0   3   1  -2  -2  -1  -3  -2   1    6   2   1   1   0   2   3   1   1  15  32   5   7   6   2   2   2   0   0  11  0.31 0.21
  203 F    -1   0  -2  -1  -3  -2  -2  -1  -2   2   3  -3   0   2  -3  -1  -1  -3  -1   1    4   6   1   3   0   2   2   6   1  13  34   1   1  10   1   4   3   0   1   7  0.27 0.20
  204 R    -1   3   2  -1   0   1  -1   0   0  -2  -2   2  -1  -2   0   0   0   1  -1  -1    5  17  14   2   2   5   1   7   2   2   4  12   1   1   4   7   5   2   2   6  0.18 0.16
  205 P     3  -1  -2  -1  -3   1  -1  -1   0  -1  -1  -1  -2  -3   5   0  -2  -1  -1  -2   23   3   2   3   0   6   4   3   2   4   6   3   0   1  25   5   2   1   2   2  0.42 0.25
  206 R    -1   5  -2  -1  -3  -1   0  -1   1  -2   0   0  -2  -1   1   0   0  -1   0  -3    3  32   1   2   0   1   6   5   3   3   9   5   0   3   8   6   7   1   3   1  0.34 0.23
  207 N     0  -1   3   4  -3  -1   0  -2   1  -2  -1  -2  -2  -1  -2   1   1  -4  -1   0    6   3  15  23   0   2   5   2   3   2   7   1   0   3   2  11   7   0   2   6  0.27 0.21
  208 P    -1  -1  -4  -1  -2  -3  -2  -3  -4  -2  -1   1  -4  -2   7  -2  -1  -4  -4  -3    5   4   1   3   1   1   2   2   0   3   7   9   0   2  52   3   3   0   0   2  1.15 0.49
  209 P     0  -2   0  -3  -2   0  -2   0  -1  -3  -1  -1  -1  -2   6  -1   0  -4  -4  -1    7   2   5   1   1   3   2   7   1   1   8   4   1   2  40   4   6   0   0   4  0.70 0.36
  210 A     1   0   0  -1  -2   1   1   0   0  -1   0   0  -1  -1  -1   1   1   0   0  -1   13   5   3   3   0   8   8   9   2   2  11   5   1   3   2   9  10   1   3   5  0.06 0.08
  211 Y    -2  -2  -1   1  -3  -2   0  -3  -2   1   0   1  -2   1   3  -1  -1   3   2   1    2   2   3   7   0   0   5   1   0  11   7   9   0   6  14   5   4   4   7  12  0.18 0.16
  212 S     0   1  -1   1  -1   1   2  -1   1  -2  -1  -1  -2   1   1   0   1  -3   0  -1    7   7   1   6   1   9  13   5   3   1   4   3   0   8   7   8   9   0   3   5  0.11 0.12
  213 D    -1  -1   1   2   1  -1   1  -2   2  -3   0  -2   1   3   2   0  -1  -3   0  -2    6   3   7  14   3   3   8   2   5   0  10   0   3  14   9   5   4   0   2   1  0.18 0.18
  214 A     0  -1  -1   1  -3  -1  -1   1   3   0  -1   0  -1  -1   2   1   0   2  -2   0    8   3   1   7   0   2   3   9  10   5   6   4   1   3  13  11   5   3   0   6  0.15 0.14
  215 L     0   1  -2  -1  -3  -1   1  -1   5   0   0  -1   1   1   0   0  -1  -1  -1  -1    7   7   0   3   0   2   9   4  20   6  12   2   3   5   4   6   2   1   1   4  0.21 0.19
  216 D    -1  -1   2   2  -4   1   0   0   2  -2  -2   0  -2   0   1  -1  -1   1   2  -2    4   3   9  16   0   7   4   6   7   3   5   4   0   5   8   3   3   2   9   3  0.18 0.16
  217 A     0   0   0   0  -3   0   2  -2   1  -1  -1   1  -2   0   1   1  -1   1   0   0   10   5   3   3   0   3  17   2   5   4   5   7   0   5   6  11   3   2   3   6  0.11 0.12
  218 M     0   0  -1   0  -2  -1   0  -1   0   0   1   0   1  -1   1   0   0  -2   1   0    5   5   2   5   0   2   6   3   2   8  13   4   5   2   7  10   5   0   8   7  0.05 0.07
  219 F    -2  -1  -1   1  -3   1   0  -3   3   0   0  -2   1   3   1  -1   0  -1   0  -1    3   4   3   8   0   6   7   1   8   4   8   0   4  17   8   4   6   1   3   4  0.18 0.17
  220 A     1   0  -1   0  -1   0   0  -1   0  -1  -1   1  -2   0   2   1   0   2  -1  -1   13   5   2   4   1   3   7   4   2   2   8  10   0   5  11  10   3   3   2   4  0.10 0.10
  221 T     0   1   0   0  -3  -1   1   0  -1   0  -2   0  -2  -1   3   1   0  -3   1   0    5   7   4   4   0   2   8   6   1   6   1   6   0   3  14  13   6   0   5   7  0.15 0.14
  222 Y     0   0  -2  -2   0   0  -1  -2  -1   1   1   0   0   0   2  -1   0   0   1   0    6   4   1   1   2   5   4   3   1   9  19   4   1   4  12   4   6   1   7   6  0.10 0.11
  223 D    -1  -1   1   3  -2   0   2   1  -1  -3  -2   0   0  -2   2   0  -1  -4  -4  -4    4   2   6  20   1   3  14  13   2   1   4   5   3   2  10   7   2   0   0   0  0.31 0.22
  224 D     0   0   0   2  -1   1   1  -1   1  -1  -1  -1  -1  -1   2   1   1  -4  -3  -2    7   4   3  15   1   5   9   4   4   3   6   1   1   3  11  13   8   0   0   1  0.19 0.16
  225 H     0   0   1   0  -3   0   0  -1   2  -1   0   0  -1   0   2   0  -1   1   0  -1    6   7   9   6   0   2   6   4   5   4  10   6   1   5  11   5   3   2   2   5  0.08 0.07
  226 R    -1   2  -1   0  -3   0   0  -2  -1   0  -1   1  -1  -2   3   1   1   1  -2  -1    5  14   3   4   0   4   5   2   1   7   5   8   1   1  13   9  11   2   1   3  0.18 0.16
  227 T     1  -1   1   0  -1   0   0   1   0  -1  -1  -1  -1   1   1   1   1  -3  -1  -1   12   2   7   4   1   4   6   9   2   4   7   3   1   8   8   9   8   0   1   3  0.06 0.07
  228 V     0  -1  -1   0   1  -2  -1  -1   1   1   0  -1   0   0   2   0   1  -3  -1   0    7   2   1   5   3   0   4   5   5  13  12   2   3   5   9   7  12   0   1   3  0.07 0.10
  229 N    -1  -1   2   0  -2   0   0   1   0  -3  -2  -1  -1  -1   2   1   0   3   0  -2    4   4   9   6   1   5   6  12   3   0   4   2   2   3  13  11   6   5   3   2  0.20 0.16
  230 A     1   0   0   0  -3  -1  -1   1  -2  -1   0   0  -1  -2   3   1  -1  -3  -1   0   10   4   5   6   0   2   3  11   0   3   9   4   1   2  13  14   3   0   3   7  0.13 0.12
  231 L    -1   0   0  -1  -2   0   0  -2  -1   0   1   1   0   0   1   1   0  -1  -1   1    4   4   3   3   0   5   7   3   1   3  17  10   2   4   6  10   6   1   1  11  0.05 0.08
  232 T     0  -1  -3  -2  -3  -1   1  -1  -3  -1   0   0   1  -1   3  -1   2  -3  -1   0    7   2   0   1   0   1  12   5   0   2  12   5   3   3  17   4  14   0   2   8  0.22 0.19
  233 A     1   0   1   0  -1  -1   0  -2  -2  -1  -2   0  -1  -2   4   0   2  -4  -2  -2   14   6   8   5   1   3   5   1   1   5   3   4   2   2  20   5  13   0   2   2  0.28 0.21
  234 A     0   0  -1   1  -1   0  -1   0   0  -1  -1   0  -2  -1   4   1  -1  -4  -3  -1   10   5   2   8   1   5   3   5   2   3   7   6   0   2  19  13   3   0   0   4  0.21 0.16
  235 A     0  -1  -1   2   1   0   2  -2   0  -2  -3   0  -3  -2   3   1   1  -1  -3  -2    9   3   2  12   3   3  12   2   2   3   2   6   0   2  13  14  11   1   0   1  0.26 0.21
  236 S     0   0   3   1  -1   0   0   0   0  -3  -3   2  -1  -4   2   1  -1   1  -3  -3    7   6  15   8   1   3   5   7   2   1   2  13   2   0  10  11   4   2   0   1  0.25 0.20
  237 F     0  -1  -4  -4   3  -3  -3  -3  -1   2   2  -1   4   2  -3  -3   0  -3  -1   1    7   3   0   0   8   0   1   2   2  13  19   5  11   9   1   0   7   0   1   9  0.31 0.22
  238 V     0   0  -2  -1  -3  -1   1  -3  -1   0   0  -1  -1  -1  -4  -1   1  -4  -2   4    6   6   1   3   0   3   8   2   1   4   6   3   1   2   0   4  10   0   1  38  0.33 0.27
  239 E    -2   2  -1   0   0   0   1  -3   3  -1  -2  -2  -1  -2   0   2   2   3   0   0    1  11   3   6   2   4   9   1   7   2   3   0   1   1   4  15  15   4   4   7  0.20 0.21
  240 R     0   4  -1  -2   0  -1   0  -2   2  -2  -2   3  -3  -1  -2   0   0   1   0  -2    9  24   2   2   2   2   5   2   5   2   3  20   0   2   1   6   5   2   3   3  0.32 0.24
  241 L    -1   2  -1  -3   1  -2  -3  -3  -1   2   0  -1   3   0  -2   1   2  -3   1  -1    4  13   2   0   3   0   0   2   1  12   8   3   8   5   1  14  16   0   5   3  0.21 0.22
  242 Y    -2  -6  -2  -6  -5  -6  -6  -6  -5   2   1  -6  -3   7  -6  -5  -3   3   2  -1    4   0   2   0   0   0   0   0   0   9  13   0   0  54   0   0   2   4   6   5  1.44 0.62
  243 Y    -2   2   1   0   1  -1   0  -4   3   0   0   1  -2   0  -3  -1   0  -3   2   1    1  11   6   4   4   1   4   0   9   4   9   7   0   5   1   4   6   0   7  15  0.15 0.17
  244 V    -5  -6  -7  -7  -1  -6  -3  -7  -6   3   3  -6  -1   7  -7  -6  -5  -4  -2   1    0   0   0   0   1   0   2   0   0  17  25   0   1  44   0   0   0   0   0   8  1.36 0.60
  245 E    -2   0   1   0   0  -2  -1   0  -1  -5  -5  -2  -4  -6   3   3   3  -6  -5  -4    2   4   7   5   2   1   4   7   1   0   0   1   0   0  17  28  21   0   0   0  0.65 0.44
  246 A     3   2  -2  -2  -4   0  -2  -1  -3  -4  -1   2  -3  -2   3   1  -1  -5  -4  -1   23  14   1   2   0   5   2   3   0   0   6  11   0   1  15  11   3   0   0   4  0.38 0.30
  247 A     0   1   0   3  -2   0   3  -2   0  -3  -4   1  -4  -2  -4   2   0   0  -4  -2    8   7   3  14   1   3  22   1   2   2   0  10   0   2   0  16   5   1   0   2  0.39 0.29
  248 D     1   0   0   2  -1   1   1  -3   1  -4  -2   3  -2   2  -2   0   0  -1   0  -3   11   3   4  11   1   7  10   0   3   0   2  20   1   9   1   8   4   1   3   1  0.25 0.23
  249 I    -3  -6  -6  -7  -5  -3  -6  -7  -6   6   3  -6   2  -3  -6  -4  -2  -6  -2   2    1   0   0   0   0   1   0   0   0  45  30   0   5   0   0   1   2   0   1  12  1.22 0.56
  250 A     1   1   2   1  -4   1   2   0  -1  -3  -2   1  -2  -5  -3   1   0  -5  -4  -3   11   6  11   8   0   6  17   7   1   1   3  10   1   0   0  12   6   0   0   1  0.31 0.25
  251 K     1   2   0   0  -1   1   2  -1   2  -2  -2   3  -3  -4  -3   0  -1  -4   0  -3   14  12   4   4   2   7  11   4   5   2   3  19   0   0   0   6   3   0   3   1  0.28 0.23
  252 L    -2  -6  -7  -7   0  -6  -7  -7  -7   2   6  -6   1  -1  -7  -6  -2  -6  -5  -1    3   0   0   0   2   0   0   0   0  12  73   0   2   2   0   0   3   0   0   3  1.44 0.65
  253 R    -3   6  -4  -3  -7   0  -3  -6  -1  -6  -4   6  -2  -4  -5  -3  -3  -1  -5  -2    1  36   0   1   0   3   0   0   1   0   1  49   1   1   0   1   1   1   0   3  1.50 0.71
  254 D     2   1   0   2  -4   2   2  -2  -1  -2  -4   1  -3  -4  -2   2  -1  -5  -1  -4   17   7   4  12   0   8  13   2   1   3   1   9   0   0   1  17   3   0   2   0  0.33 0.27
  255 M     0   2  -3  -2  -1   3   0  -3   3  -1  -1   3   0  -1  -4   0  -1  -1  -3  -2    8  13   0   1   1  15   5   1   7   3   7  20   2   3   0   6   2   1   0   3  0.32 0.27
  256 A     4  -4  -4  -4   3  -1  -2  -2  -4   0   1  -3  -2   0  -1   0  -1  -4   0   2   36   0   0   0   6   2   2   2   0   4  14   0   0   4   3   5   3   0   3  14  0.42 0.32
  257 T     0  -1   1  -1  -2   1   0   0  -3  -1  -2   1   1  -2   3   1   1  -1  -1  -2    9   3   7   2   1   5   4   6   0   3   3   9   4   2  17  10  11   1   2   1  0.22 0.18
  258 V     2  -1   0   1  -3   1   2   0  -1  -2  -2   0  -2  -3   0   1   0  -4  -2  -1   17   2   4   9   0   5  17   6   1   3   3   6   0   1   4  11   4   0   1   6  0.18 0.17
  259 T    -1  -1   1   0  -4   0   2   2   2  -3  -1  -1  -3  -1   1   1   1   0   0  -2    2   3   7   5   0   4  15  14   6   0   6   3   0   2   8   9  10   1   3   1  0.19 0.18
  260 E     1   0  -1   0  -1  -1   1   2   0  -3   0   0  -1  -2   0   2   0  -4  -2  -1   11   5   2   6   1   1  10  16   3   0   9   5   2   1   4  16   3   0   1   4  0.14 0.15
  261 L    -1  -1   1   1   1  -2  -1   2   0   0  -1   0  -2  -3   0   1   0  -4  -3   1    3   4   5   7   3   0   4  19   2   4   6   5   0   0   4  14   6   0   0  13  0.14 0.16
  262 Q     0   1   0  -1  -4   2   1  -1   2  -3  -3   2  -3  -2   3   1  -1  -4  -3  -2   10   7   3   3   0   8   9   4   5   1   2  16   0   2  14  11   3   0   0   2  0.30 0.23
  263 R    -2   4   0  -2  -2   0  -2  -3   1  -1  -3   1  -1   3   1   0   1   2   0  -2    2  23   5   2   1   4   1   2   3   3   0   7   1  16   6   7   8   3   3   2  0.35 0.27
  264 P    -1  -4  -4  -5   6  -3  -4  -5  -4   2   1  -4  -1   2   2  -1  -1  -4   0   3    6   1   0   0  16   1   0   0   0  11  11   0   1   9  12   5   3   0   3  20  0.55 0.33
  265 S    -3  -5  -4  -5  -5  -4  -5  -5  -5  -6  -6  -5  -5  -6  -1   7   4  -7  -6  -5    0   0   0   0   0   0   0   0   0   0   0   0   0   0   3  70  25   0   0   0  1.85 0.89
  266 R    -1   2  -3   0  -4  -3   0  -2  -1  -1  -4  -2  -4  -5  -3   3   5  -5  -5  -1    3  13   0   6   0   0   7   2   1   3   0   2   0   0   1  21  35   0   0   5  0.66 0.45
  267 V    -3  -5   3   0  -5  -1  -4  -1  -1  -2  -1  -5  -1   6  -5  -1  -3  -3   2   1    1   0  13   6   0   3   0   6   1   2   4   0   2  39   0   5   1   0   5  12  0.79 0.45
  268 Q    -2  -2  -2   6  -6   2   4  -5  -4  -5  -6  -4  -5  -7  -5  -3  -1  -7  -6   0    3   2   1  42   0   8  31   0   0   0   0   0   0   0   0   1   4   0   0   8  1.23 0.62
  269 A     3  -5  -6  -6   3  -5  -5  -5  -6   3   0  -5   0  -3  -5  -3  -1  -6  -5   5   24   0   0   0   5   0   0   0   0  14   9   0   2   1   0   1   3   0   0  41  0.93 0.50
  270 V    -1  -6  -6  -6  -4  -5  -6  -6  -6   2   4  -5  -2   0  -6  -4   0  -5  -4   4    5   0   0   0   0   0   0   0   0  11  46   0   0   3   0   1   6   0   0  28  0.99 0.51
  271 S     1  -4  -2  -4   2  -2  -2  -3  -1  -1   0  -4   0  -3  -4   2   4  -5   0   2   14   0   1   0   4   1   2   1   1   3   8   0   2   1   0  16  29   0   4  12  0.46 0.36
  272 A     6  -6  -5  -6  -5  -5  -5   2  -6  -6  -6  -5  -5  -7  -5   1  -4  -7  -6  -5   75   0   0   0   0   0   0  15   0   0   0   0   0   0   0  10   0   0   0   0  1.74 0.82
  273 Y    -2  -4  -4  -4   1  -3  -4  -5   5  -1   3  -1  -1   4  -4  -4  -3   0   4   0    3   0   0   0   3   0   1   1  17   3  27   5   1  17   0   1   0   1  13   6  0.71 0.37
  274 L     0  -4  -5  -5   1  -4  -4  -5  -4   4   3  -4   2   0  -4  -4  -1  -4  -3   3    7   0   0   0   2   0   1   1   0  24  30   0   4   4   0   1   3   0   0  21  0.68 0.34
  275 W    -3  -7  -8  -8   1  -7  -7  -7  -2  -5  -3  -8  -6  -3  -8  -3  -3  12  -3  -4    3   0   0   0   3   0   0   0   1   1   3   0   0   1   0   3   2  82   0   1  3.96 1.32
  276 K    -2   5  -3  -2  -1   2  -1  -4  -3  -3  -1   4  -3  -1  -4  -1   1   2  -3  -1    3  30   0   1   1  10   2   1   0   1   5  22   0   2   0   5   8   2   0   5  0.59 0.36
  277 V     1  -2  -2  -4   8  -3  -4  -3   2  -4  -3  -1  -1  -4  -4   3   0  -5  -4  -1   11   2   1   1  37   1   1   2   5   1   2   4   1   0   1  21   5   0   0   5  1.11 0.50
  278 L     1   2  -3  -3   0  -2  -3  -2  -3   3   1  -2   3   0  -3  -2  -1   1   0   1   14  13   1   1   2   1   1   3   0  19  12   2  10   4   1   1   3   2   2  10  0.28 0.21
  279 A     2  -1   0  -3   2  -2  -2  -2  -3   2  -1  -2   1  -3  -3   1   2  -4  -3   1   23   2   5   1   5   2   2   2   0  11   3   1   4   1   1  10  15   0   0  12  0.29 0.23
  280 A     0   6   0  -2  -5   0  -1  -5  -1  -1  -1   3  -4  -5  -4  -3   0  -5  -4  -2    7  42   3   1   0   3   3   0   1   3   7  21   0   0   0   0   6   0   0   2  0.83 0.46
  281 V     2  -3  -3  -3   1  -3  -3  -3   2  -1  -1  -3   1  -1  -3   2   3  -3   0   2   22   1   1   1   3   0   1   1   5   3   6   1   4   3   1  15  18   0   3  14  0.34 0.27
  282 V     0   4  -2  -1   0   0  -1  -2  -2   0   0   1   1  -2  -3   0   0  -3  -2   0    8  27   1   4   2   4   2   2   0   7  10   7   3   2   1   9   5   0   1   6  0.23 0.18
  283 A     4   0  -1  -3   1   0  -2   1   2  -2  -1  -3   0  -4  -1   1  -1  -1  -1  -3   41   4   3   0   3   4   1  12   6   2   5   1   3   0   2   8   2   1   2   1  0.44 0.31
  284 A     1   3  -1  -2  -3   0  -1  -1  -1  -2   2  -1  -1  -1  -1   1   0  -4  -3  -2   11  20   2   2   0   5   3   4   1   1  26   2   1   2   3   9   5   0   0   1  0.22 0.22
  285 C    -1   1   2   0   0   0   0   3  -1  -3  -3   2  -2  -4  -3   1  -2  -4  -4  -4    4   8  11   5   2   4   5  28   1   1   2  12   1   0   0  13   1   0   0   1  0.39 0.26
  286 R    -1   1  -2  -3  -3   1  -1   0   1   1   2  -1  -1   0   1  -1  -2  -3   0   0    3  10   1   0   0   6   5   8   4   7  29   4   1   4   6   5   2   0   4   4  0.13 0.16
  287 V     0   0   1   3  -1   0   0   0  -1  -2  -1   0  -3  -4   2   0   1  -4  -2  -2    6   4   8  20   1   4   4   6   2   2   7   5   0   0  13   6   8   0   1   2  0.23 0.18
  288 P     0  -1  -3  -1  -5   0   2   0   1  -3  -3   0  -2  -5   6  -1  -1  -1  -2  -3    7   3   1   4   0   3  12   8   3   1   2   6   1   0  38   3   4   1   1   2  0.72 0.40
  289 E    -2  -1   2   4   0   0   2  -1   1  -5  -4   2  -4  -3   0   1   0  -5  -3  -4    1   2  11  23   2   4  16   3   3   0   1  11   0   1   5   9   5   0   1   0  0.48 0.31
  290 E     1   2   0  -2  -4   3   2  -1   0  -3  -2   1  -1  -4  -2   0   0  -4  -4  -3   12  13   5   1   0  17  16   5   2   1   4   9   2   0   1   5   6   0   0   1  0.35 0.28
  291 R     0   1  -1  -1   0   0   1  -3   1  -1  -2   0  -1  -1   3   0   2  -4   0   0    6   7   3   3   2   4  11   0   5   4   2   5   2   3  16   5  13   0   3   6  0.20 0.18
  292 C     0  -3  -4  -4   4  -4  -1  -3  -4   1  -1  -4  -1   0  -4   2   3  -5  -2   3    6   1   0   0   9   0   4   1   0   6   5   0   1   3   0  15  22   0   1  26  0.50 0.36
  293 C    -1   3   0  -2   0   0  -1  -2   0  -1  -1   2  -1  -1  -3   1   1  -4  -1   0    4  18   4   1   3   4   3   3   2   2   7  16   1   2   0   9  11   0   2   8  0.20 0.20
  294 M    -2  -5  -6  -6   1  -2  -5  -6  -5   2   4  -5   2   3  -6  -4  -4  -4  -2   3    2   0   0   0   3   2   0   0   0  11  39   0   5  12   0   1   0   0   1  23  0.87 0.44
  295 G     0   0  -1  -3   3  -1  -2   1   1   1   0  -2   1   0  -3   1   2   0   0  -1    5   5   2   0   7   2   1  11   5  11  10   0   4   3   0  11  13   1   4   3  0.13 0.16
  296 W    -3   0   1  -4   4   1  -4  -5   1   2   0  -3   3   3  -5  -2  -2  -1   0   2    1   6   8   0   9   8   0   0   4  15   5   0   7  16   0   2   2   1   3  13  0.40 0.29
  297 M     5  -3  -2  -5  -2  -4  -4  -3  -5   1  -3  -4   1   0   3   0  -1  -6  -4  -2   49   1   2   0   1   0   0   1   0   8   1   0   4   4  16   6   4   0   0   2  0.81 0.50
  298 V     1  -5  -5  -5   0  -4  -5  -4  -5   2   1  -4   3   2  -5  -3   0  -4  -2   5   11   0   0   0   2   0   0   1   0   8  13   0   9   7   0   1   4   0   1  41  0.70 0.39
  299 D    -4  -5   6   7  -6  -4  -3  -2  -4  -7  -7  -4  -6  -7  -3  -2  -4  -7  -6  -6    1   0  37  54   0   0   0   2   0   0   0   0   0   0   1   3   0   0   0   0  1.89 0.78
  300 A     1  -4  -4  -4   4  -4  -4   2  -4   2   2  -4   3   1  -4  -2   0  -4  -3   1   11   0   0   0   9   0   0  17   0  14  18   0   8   7   0   1   5   0   0   9  0.40 0.27
  301 R    -6   8  -5  -6  -7  -3  -4  -6  -1  -4  -5  -1  -5  -7  -6  -5  -5  -7  -6  -6    0  92   0   0   0   0   0   0   1   1   1   2   0   0   0   0   0   0   0   0  2.71 1.02
  302 R     0   2   1  -1  -4   2  -1   2   3  -4  -2   2  -3  -4   0   1   0  -4  -3  -4    6  11   7   3   0   9   1  16   7   0   4  14   0   0   4  13   5   0   0   0  0.31 0.24
  303 R    -2   6  -4  -5  -5  -1  -3  -5   1  -4  -1   2   0  -1  -2  -1  -4  -5   0   0    3  53   0   0   0   2   0   0   3   0   6   9   3   2   2   4   0   0   3   7  1.00 0.52
  304 V    -1  -4  -5  -3  -4  -4  -4  -4   0   1   4  -4   4   2  -5  -3   0   1  -3   1    4   0   0   2   0   0   0   1   3   8  45   0   9   9   0   2   5   2   0   9  0.65 0.36
  305 K    -1   1   3   2  -4   1   1   1   1  -4  -2   2  -3  -4   0   1   0  -4  -3  -3    2   6  14  13   0   6   6  12   3   0   3  12   0   0   4   9   4   0   0   2  0.28 0.19
  306 S    -1  -3   0  -3  -1  -3  -3  -2   2  -2  -1  -2  -3  -2   6   0  -1  -4  -3  -1    5   1   5   1   1   1   1   3   5   3   7   3   0   2  46   8   3   0   1   4  0.89 0.37
  307 P    -1   0  -1  -1  -3  -2  -1  -3  -2  -3  -2   0  -3  -3   7   0  -1  -3  -3  -2    4   5   4   3   1   1   4   2   1   2   4   5   1   1  49   6   3   0   1   3  0.99 0.35
  308 E     0   0   0   0  -1   1   0  -1  -1   0   0   0   0   1   1   1   0   1   0   0    7   5   3   6   1   6   7   4   1   5   9   5   2   7   7  11   3   2   3   6  0.03 0.02
  309 L     0  -1   0   0  -1   0   0   0   0   0   1   0   0   0   0   0   1  -1   0   0    6   3   5   4   1   4   4   5   3   4  19   5   1   5   5   7   9   1   3   5  0.02 0.01
  310 I     0   0  -1   0  -1   0   0  -1   0   0   1   0   0   0   2   0   0   1   0   0    7   4   3   4   1   5   4   5   2   4  18   6   2   4   9   6   5   2   4   5  0.04 0.02
  311 P     0  -1   0   0  -2   0   0   0   0  -2  -2   0  -1  -2   4   1   0  -2  -1  -1    7   2   5   4   1   4   7   6   2   2   4   4   1   2  25  13   4   1   2   4  0.31 0.11
  312 A     1  -1  -2  -2  -1  -2  -2  -1  -2   1   3  -1   1  -2  -1   0  -1   0  -2   1   12   2   2   2   1   2   1   5   1   5  36   3   2   1   3   7   4   1   1  11  0.22 0.17
  313 M    -1  -1  -1   1  -4  -1   0  -2  -4  -2  -4  -2   1  -3   7  -1  -2  -4  -2  -4    6   3   3   8   0   3   5   2   0   2   1   2   3   1  51   3   2   0   1   1  1.11 0.47
  314 R     0   2   0   2  -3   0   1   0  -1  -2  -1   1  -1  -3   1   0   0  -3  -2  -1    5  12   4  11   0   4  10   6   1   2   7  11   1   1   7   8   5   0   1   3  0.15 0.11
  315 N     0  -1   3   1  -4  -3   0   4  -1  -4  -4  -2  -4  -4  -2   0   0  -4  -4  -4    7   4  16   8   0   0   7  38   1   0   1   2   0   0   2   5   6   0   0   1  0.63 0.34
  316 Y    -4  -5  -1  -6   0  -5  -6  -6  -3  -5  -2  -5  -4   3  -6  -1  -2  -2   9  -2    1   0   3   0   2   0   0   0   0   0   5   0   0   9   0   5   3   0  68   2  2.08 0.83
  317 F    -4  -5  -5  -5   0  -4  -5  -3  -3   2   2  -5   4   5  -5  -2  -1  -1   5   0    0   0   0   0   2   0   0   2   0  10  17   0  10  26   0   2   4   1  19   5  0.83 0.42
  318 G    -3  -6  -5  -5  -7   2  -6   7  -6  -7  -7  -5  -6  -3  -6  -4  -6  -6  -7  -7    2   0   0   0   0   9   0  87   0   0   0   0   0   1   0   0   0   0   0   0  2.28 0.89
  319 N    -6  -5   9  -2  -1  -2  -5  -4   0  -8  -6  -5  -1  -8  -7  -1  -5  -8  -7  -7    0   0  86   1   1   2   0   1   2   0   1   0   2   0   0   5   0   0   0   0  2.55 1.02
  320 V     3  -5  -5  -5   6  -4  -5  -2  -5   1   1  -4   3  -1  -3  -1  -1  -5  -4   3   24   0   0   0  17   0   0   2   0   6  14   0   8   3   1   3   2   0   0  19  0.64 0.38
  321 T     0  -4  -2  -4  -2  -4  -4  -3  -1   3   1  -4   1   3  -4   0   0  -3   1   3    6   0   2   0   1   0   0   2   2  21  12   0   3  13   0   9   4   0   4  21  0.41 0.27
  322 A     1  -4  -3  -4   3  -2  -2  -1  -2   1   1  -4  -2   3  -4   1  -2  -3   1   2   13   0   1   0   7   2   2   4   1   8  15   0   0  16   0  11   1   0   5  14  0.30 0.25
  323 Y    -2  -2   0  -1   1  -3  -3  -1  -1   1   1  -3   3   2   2  -1   1   3   0   0    3   2   5   4   3   0   0   4   1   8  12   0   9  11  12   3  12   5   2   5  0.23 0.22
  324 A     2  -3  -2  -2   1  -2  -3   0   0  -1  -1  -2   1  -1   2   0   1  -4   0   1   23   0   1   2   3   1   0   8   2   2   5   1   4   2  12   8  11   0   4  11  0.25 0.24
  325 L     0   1  -1  -2   1  -1  -2  -4   0   0   0  -1   1   3  -1   0   1   1   2   1    6   8   3   2   4   1   1   0   3   3   9   3   3  14   2   6   8   2   8  14  0.14 0.15
  326 G     3  -4  -1  -1   1  -3  -3  -2  -2  -1  -3  -1  -2  -3   3   0   3  -5  -1   2   25   0   3   3   3   0   0   2   1   2   1   3   1   1  16   4  19   0   2  13  0.45 0.34
  327 G     0   2  -1  -1  -3   0   1  -1  -2   1  -1   1   1   0   0   0   1  -1  -1   1    5  12   1   3   0   3   9   3   0   8   4   8   5   4   4   7  10   1   1  11  0.08 0.11
  328 A     2  -3  -1  -1   1  -3  -1  -1  -3   0   1  -2   2  -2  -2   2   2  -4  -2   1   21   0   2   4   3   0   3   4   0   3  12   1   5   1   2  14  14   0   1   9  0.22 0.22
  329 A    -1   1   1  -2  -4   0   0  -4  -3  -1  -3   1  -1  -5   3   1   4  -5  -4  -1    5   8   5   2   0   5   5   0   0   4   2   7   2   0  14  12  25   0   0   5  0.39 0.31
  330 V     2  -1  -2  -2   1  -2   0  -1  -2   0   0  -1  -2  -1  -1   0  -1  -4  -3   3   24   3   1   2   4   1   5   4   1   4   8   3   0   2   3   7   3   0   0  25  0.22 0.22
  331 E     0   1   0   0  -5   0   3   4   1  -3  -5   1  -4  -5  -3   0  -3  -5  -4  -3    6   9   3   4   0   4  20  29   3   1   0   9   0   0   1   7   0   0   0   1  0.51 0.33
  332 E    -1   0  -2   4  -5   2   4  -3  -3  -4  -4   1  -1  -3  -2  -1   0  -5  -4  -3    4   5   1  23   0   8  33   1   0   1   1   8   2   1   1   3   6   0   0   1  0.68 0.40
  333 I    -2  -4  -5  -4  -4  -4  -2  -4  -2   3   4  -2   1  -1  -5  -4  -2  -4  -4   3    3   0   0   1   0   0   3   1   1  14  48   2   2   2   0   0   2   0   0  18  0.75 0.40
  334 R     2  -2  -3   0   4  -1   1  -3   1   0   1  -2   0  -2  -3   0   0   2  -3   1   17   2   0   4   9   1  10   1   4   3  17   2   2   1   0   6   4   3   0  14  0.19 0.20
  335 R     0   1   1   2  -2   0   2   0  -1  -3  -2   0  -3  -4  -2   2   1  -4  -1  -3    5   7   7  12   1   3  17   6   1   1   4   6   0   0   1  17   9   0   2   0  0.27 0.23
  336 K     0   0   3   1  -1   0   1   0   1  -3  -2   2  -1  -3  -2   1   0  -4  -3  -3    9   5  14   6   1   2  10   6   4   1   3  18   2   1   1  12   7   0   0   1  0.25 0.21
  337 P    -2  -4  -3   1  -2  -2   1   2  -4  -5  -4  -4  -5  -6   5   3   0  -6  -5  -5    2   0   0   9   1   1   8  17   0   0   2   0   0   0  32  22   4   0   0   0  0.89 0.49
  338 L    -3  -5  -6  -6  -5  -3  -6  -6  -2   1   5  -3  -2   3  -2  -5  -2  -4   0   1    1   0   0   0   0   1   0   0   1   8  59   2   0  12   2   0   3   0   3   8  0.99 0.50
  339 A     1  -1  -2  -3  -2  -1   1   3  -1  -2  -1  -2  -1   0  -1   1   0   0  -3   0   11   2   0   0   1   2  10  27   2   1   7   2   1   6   3   9   7   1   0   8  0.22 0.20
  340 E     1   0   1   2  -4   0   2  -3   3  -2  -2   0  -2   1  -3  -1  -1   0   2  -1   12   6   5  12   0   4  16   1   7   1   2   5   1   7   0   2   3   1   9   6  0.23 0.21
  341 V     3  -4  -5  -3   0  -4  -2  -2  -5   3   2  -4  -2  -1  -4  -2   0  -5  -4   2   30   0   0   1   2   0   2   3   0  17  20   0   0   3   0   1   6   0   0  16  0.51 0.35
  342 A     5  -5  -2  -5  -1  -5  -5  -4  -5   1  -1  -2  -1  -5  -5  -1  -3  -6  -5   4   53   0   2   0   1   0   0   0   0   7   5   2   1   0   0   3   0   0   0  25  1.01 0.57
  343 A     0   2   0   0  -1   1   2   1  -1  -2   0   0   0  -2  -3   0  -1   2  -1  -3    9  11   5   4   2   6  16  12   1   1   9   5   3   1   0   6   3   3   2   0  0.15 0.16
  344 M     1   2  -1  -3  -3   1   0  -2  -1   1   2   0   2  -3  -2  -1   0  -4  -3   1   11  11   3   0   0   7   5   3   1   7  23   6   7   0   1   3   5   0   0   8  0.16 0.18
  345 V    -5  -6  -7  -7  -5  -6  -6  -7  -7   6   2  -6   2  -2  -6  -6  -4  -6  -5   4    0   0   0   0   0   0   0   0   0  53  18   0   4   1   0   0   0   0   0  22  1.47 0.62
  346 R    -3   6  -3  -4  -6   1  -3   0   1  -4  -5   2  -5  -6  -3   1  -1  -1  -2  -5    1  53   1   0   0   4   0   8   3   1   0  13   0   0   1   9   3   1   1   0  1.14 0.57
  347 E     0   3   0   2  -5   1   3  -1  -1  -5  -4   3  -4  -5  -4   0   0  -5  -4  -4    7  16   5  11   0   6  19   4   1   0   1  19   0   0   0   6   5   0   0   0  0.51 0.33
  348 T     4  -1   0  -1  -1  -1   1   1  -4  -4  -4   0  -4  -4  -4   2   1  -1  -4  -3   38   3   3   2   1   1   8   9   0   0   1   6   0   1   0  18   8   1   0   1  0.52 0.38
  349 I    -2  -1  -2  -5  -4  -3  -4  -5  -5   3   3   4  -1  -3  -5  -2  -2  -5  -2   3    2   2   2   0   0   0   0   0   0  19  25  25   1   0   0   2   2   0   1  19  0.64 0.40
  350 T     2   1   2   2  -4   0   2  -2  -1  -3  -2   2  -2  -3  -3   0   0  -5  -4  -1   17   6  10  10   0   2  15   1   1   0   3  16   1   1   0   7   4   0   0   5  0.30 0.24
  351 S     0   4   1   0  -5   0   1   0  -3  -4  -3   2  -2  -5  -2   0   0  -5  -4  -4    8  30   6   5   0   4   9   7   0   1   3  14   1   0   1   5   6   0   0   0  0.46 0.31
  352 I    -1  -2  -4  -3  -3   1  -2  -4  -2   2   2  -2   5  -1  -3  -2  -2   1   0   3    6   2   0   1   0   6   3   0   1  11  19   2  16   1   1   2   1   2   3  23  0.41 0.28
  353 D    -1   1   3   4  -2   0  -1  -2  -1  -2  -2   0  -3  -4  -1  -1   3  -5  -3  -1    5   8  14  24   1   3   1   3   1   1   3   6   0   0   3   2  19   0   1   5  0.39 0.28
  354 Y     0   0   1   0  -2   0   1   1  -2  -1  -2  -1  -1  -2   1   1   2  -2   0  -1    8   4   8   6   0   5  13   9   0   5   3   2   1   2   6   8  14   0   3   2  0.13 0.11
  355 D    -1  -1   1   5  -4   1   3  -2  -2  -4  -3   1  -3  -4   0  -1  -2  -4  -3  -3    4   3   5  33   0   6  23   2   0   1   2   8   0   1   4   3   1   0   1   2  0.65 0.32
  356 E     0   0  -1   2  -4   0   4   1  -1  -2  -3   0   0  -2  -3   0  -1   0  -2  -2    8   5   3  10   0   2  31  13   1   2   1   3   2   1   1   6   4   1   1   3  0.34 0.24
  357 Y    -3  -1  -2  -4  -4   2  -3  -3   4   0   0  -1  -1   0  -4  -2  -3   2   7  -1    2   2   2   1   0  11   1   2   9   6   8   4   2   3   1   4   1   3  37   3  0.79 0.41
  358 L     0  -2  -2  -3   2  -3  -1  -4  -3   3   2  -2   3   2  -3  -2   0  -3  -2   2    7   1   2   0   5   0   4   1   0  18  18   2   9   8   0   2   5   0   0  15  0.31 0.21
  359 Q     0   5   0   0  -5   2   1  -3   1  -4  -2   2  -2  -4  -2  -1  -2  -1  -4  -4    8  38   3   4   0  11   8   1   4   0   3  10   1   0   1   3   2   1   0   0  0.65 0.37
  360 E     2  -1   0   1  -3  -2   1   0  -3  -2  -2  -2  -1  -4  -3   4   1   1  -2  -3   16   2   3   8   0   0  11   6   0   3   3   1   1   0   0  33   7   2   1   0  0.39 0.31
  361 L     1  -1  -4  -4   0  -1  -3  -4  -3   0   1  -2   2   3  -2  -2  -1   2   1   3   14   4   0   0   2   2   1   0   0   4  16   2   6  13   1   1   3   3   4  22  0.29 0.22
  362 V     1  -1  -2  -4   0  -2  -2  -3  -1   3   1  -1   1  -1  -2  -2  -1  -3   0   3   14   3   2   0   2   1   2   0   1  18  16   4   3   2   1   2   3   0   4  21  0.24 0.19
  363 D    -1   1  -1   5  -4  -1   1   1  -1  -2  -3   0  -4  -4  -3   1   1  -5  -2  -2    4  10   1  33   0   1   8  11   1   2   1   4   0   0   0   9   9   0   1   3  0.48 0.30
  364 W    -2  -3   1  -4  -4  -1  -2  -3   2   0   1  -3  -1   3  -3   0  -1   6   4  -2    3   0   6   0   0   2   3   1   6   4  14   1   1  15   1   7   3  12  18   1  0.55 0.32
  365 V     0  -2  -3  -2  -3  -1  -3  -1  -1   1   3  -1   4   2  -3  -3  -1   1  -2   1    9   1   0   2   0   2   1   5   1   6  27   4  12   9   1   0   4   2   0  12  0.28 0.22
  366 E     1   0   0   0  -4   2   4  -3   1  -2  -3   1  -3  -3  -1   1  -2  -4  -3   0   11   5   3   3   0   8  28   1   3   3   1  10   0   1   2  10   1   0   0   8  0.33 0.26
  367 V     0  -1   0   0  -2  -1  -1   1  -2   0   1  -1   0   0  -1   1   0   2  -1   0    5   3   3   5   0   1   4  11   0   7  21   4   2   4   2  12   4   3   2   8  0.05 0.09
  368 H     0   0   0  -1   0   2   0  -1   0  -1  -1   1  -1   0   0   0   0   0   0   0    8   5   5   1   2  12   6   3   3   3   5   9   1   4   5   6   7   1   3  11  0.06 0.09
  369 K     0   1   1   1  -4  -1  -1   3  -1  -2  -1   2  -3  -4   3   1  -2  -5  -4  -4    6   7   6   9   0   1   2  22   1   3   6  12   0   0  13  10   1   0   0   0  0.33 0.25
  370 T     0   2  -2   4   1  -1   0   0   0   0  -1   0  -3  -2  -1   0   0  -4  -2  -2    7  12   0  28   3   1   4   6   2   7   5   4   0   2   3   6   7   0   1   2  0.26 0.22
  371 E    -1   1  -2  -1   0   0   1  -2   0  -1   0   1   3  -2   3  -1  -1   2  -3  -1    5   8   0   3   2   3   8   3   2   3  10  10  10   1  17   3   4   3   0   4  0.21 0.18
  372 H     0   0   1  -1  -3   0   0  -1   1  -2  -2   0   0  -1   1   2   1  -1  -2  -2    8   6   8   1   0   4   6   4   5   1   2   7   3   3   8  19  11   1   0   2  0.19 0.17
  373 V     0  -1  -2  -1  -3   0   0  -1  -1   0   1   0   2   1   0   0   0   2   1  -1    8   3   0   2   0   4   5   5   1   4  17   7   7   8   5   6   4   3   6   3  0.07 0.10
  374 M     0  -1  -1  -1  -2  -1  -1  -1  -2   1   1  -2   2   1   0   0   0  -2   0   1    5   2   4   4   0   2   5   5   0   9  18   0   9   7   4   6   7   0   3  11  0.08 0.10
  375 E     0   0   0   1  -2   0   0  -1  -1  -1   0   0   0  -1   1   1   0  -3   0   0    9   6   3  11   0   3   4   4   1   1   9   6   3   1   7  12   7   0   4   9  0.07 0.08
  376 K     0   0  -1  -1  -1   0   0  -2  -1   0   0   1  -1   0   1   0   0   2   1   0    6   5   1   2   1   4   4   1   1   7  10  14   1   3   6   9   7   4   6   8  0.07 0.09
  377 G     1  -2   0   1   0   0  -1   3  -1  -3  -1   0  -1  -1   0   1  -1  -3   0  -1   11   2   3   8   3   3   3  28   1   1   5   5   2   3   3   8   4   0   4   4  0.20 0.15
  378 V     0  -1   0   0   1   0   0   0  -1   0  -1  -1   0   0  -1   0   1  -2   1   1   10   3   5   5   3   4   8   7   1   7   4   2   2   5   2   7   9   0   7  11  0.03 0.06
  379 L     0  -1   1   0   0  -1  -1  -2   2   0   0  -1   2   1  -1   0   1   2   1  -1    5   3   6   5   2   1   4   3   8   4  11   1   8   5   3  10   8   3   6   4  0.07 0.10
  380 G     0  -1   0  -1  -2  -1  -1   1  -2   1   0   0   1   0  -2   0   2  -2   0   1    5   2   4   3   0   1   2  11   0   7  10   5   4   5   1   7  17   0   3  13  0.08 0.10
  381 L    -1  -2   0  -1  -3  -1  -1  -2  -2   0   1  -2   1   3  -1  -1   0   2   1   1    5   2   6   3   0   1   5   3   0   5  17   2   5  16   3   4   4   3   4  11  0.13 0.13
  382 G    -1   0   0   1  -1  -1   0   3   2  -2  -2  -1  -3  -1   3   1   0  -4  -3  -2    1   5   4   6   1   2   6  22   5   2   4   3   0   3  13  12   6   0   0   3  0.24 0.18
  383 S    -1   0   0  -1   5   1   0  -1   1  -1  -2   0  -1   0  -3   2   1  -3   1   0    2   4   4   3  15   5   5   4   3   4   2   6   1   5   1  19   8   0   5   6  0.23 0.19
  384 P     0  -1   1   0  -3   0   0  -2   0  -2  -3  -1  -1  -2   5   1   1  -4  -3  -2    6   2   6   6   0   3   7   3   2   3   2   4   2   1  26  14  10   0   0   3  0.40 0.24
  385 T    -1   0   4   4  -3  -1  -1  -1  -1  -2  -2   0  -3  -2  -2   0   1  -4  -3  -1    5   6  19  27   0   1   2   4   1   3   3   6   0   2   2   6   7   0   1   5  0.39 0.24
  386 L    -2  -1  -4  -4  -1  -3  -2  -4  -3   2   4  -3   2   1  -3  -2  -2   0   0   2    3   3   1   1   1   1   3   1   0  10  43   1   5   6   1   4   1   2   3  12  0.47 0.26
  387 N     0  -1   0   0  -2  -1   0   1   0  -1  -1  -1   1   1  -1   0   0   2   2   0    7   3   5   7   0   1   8  13   2   4   5   2   4   8   2   7   8   3   8   5  0.06 0.07
  388 Q    -1  -3  -1   0  -1  -1  -3  -2  -3   2   1  -2   1   2  -3   0  -1  -1  -2   3    3   1   3   6   1   2   1   2   0  14  13   2   3  11   1   7   3   1   0  26  0.26 0.19
  389 T    -1  -2   0   1  -3  -1  -2  -3  -3   1  -3  -2  -2  -3  -3   3   4  -4  -3   0    3   2   3   9   0   2   2   1   0  10   2   1   0   1   1  27  28   0   1   6  0.50 0.32
  390 V    -2  -3   2   3  -3  -2  -2  -1  -3  -3  -3  -2  -3  -4  -2   5   1  -4  -4  -2    1   1  10  17   0   1   1   4   0   2   3   2   0   1   2  45   6   0   0   3  0.71 0.41
  391 F    -4   1  -5  -5  -1  -2  -4  -3  -4  -3  -1  -3   0   1  -5  -2  -4  11   0   0    1   8   1   1   1   2   1   2   0   2   6   1   2   5   1   4   1  53   2   7  2.02 0.71
  392 A     1   2  -1  -3   4  -1  -2  -2   1   0   0  -1  -2   0  -3   2   0  -1  -2   0   13  14   2   1  11   1   2   2   4   5  10   2   0   4   1  15   5   1   0   7  0.20 0.19
  393 S    -1   5   1  -1  -4  -1  -2   2   2  -4  -3   2  -1  -3  -3   0  -1  -2  -2  -4    4  31   6   4   0   1   1  16   5   1   3  15   1   1   1   5   2   1   1   1  0.51 0.30
  394 F    -2  -2  -4  -2  -4  -2  -4  -3  -4   2   3  -2   3   5  -4  -3  -3  -3  -1   0    3   2   0   3   0   2   1   2   0  11  29   3   7  29   0   2   1   0   1   5  0.63 0.33
  395 P    -2  -1  -2   2  -1  -1  -3   4  -3  -4  -3  -2  -1  -4   5   0  -3  -4  -4  -4    2   3   2  11   1   3   1  32   0   1   3   2   1   1  26   9   1   0   0   1  0.73 0.36
  396 L    -3  -3  -2  -3  -1  -2  -4  -4  -3   1   2  -4   0   5  -5  -3  -1   0   4   1    1   1   2   2   1   2   0   1   0   8  19   0   2  29   0   2   4   1  15  10  0.67 0.35
  397 D    -2  -2   0   5  -5  -1   4  -2   3  -5  -5  -1  -4  -2  -4  -1  -3   2   2  -5    3   2   3  31   0   2  28   3   6   0   1   3   0   1   0   3   0   3   8   0  0.80 0.43
  398 T     2  -4  -3  -4   0  -3  -2  -4  -4   1   2  -2   2  -3  -1  -1   1  -4  -3   3   21   0   1   0   2   0   2   0   0   5  19   2   6   0   2   3   8   0   0  25  0.38 0.28
  399 N    -5  -3   1   8  -6  -2  -1  -3  -4  -6  -6  -1  -6  -6  -5  -2  -3  -6  -6  -4    0   1   5  78   0   1   2   1   0   0   1   4   0   0   0   2   2   0   0   1  1.97 0.78
  400 F    -3  -6  -6  -6  -6  -3  -6  -6  -5  -1  -2  -6  -4   9  -6  -6  -5   0   2  -4    2   0   0   0   0   1   0   0   0   3   3   0   0  82   0   0   0   1   5   0  2.47 0.88
  401 G    -4  -6  -2  -3  -6  -5  -3   7  -1  -7  -7  -5  -6  -6  -4  -2  -5  -6  -6  -6    0   0   2   1   0   0   2  87   1   0   0   0   0   0   1   2   0   0   0   0  2.14 0.82
  402 F    -2  -3  -5  -5   0  -4  -2  -1  -5  -4   0  -5  -4   2  -5  -1  -2  11  -1  -5    3   1   0   1   2   0   3   4   0   0  11   1   0   8   0   5   2  56   1   1  2.20 0.77
  403 G    -2  -5  -3  -3  -6  -5  -5   7  -1  -6  -6  -5  -6  -2  -3  -4  -3  -6  -6  -6    3   0   1   1   0   0   0  86   2   0   0   0   0   2   1   0   2   0   0   0  2.07 0.78
  404 D    -1   3  -1  -1  -1  -1   1   0   0  -3  -3   4  -3  -5   1   0  -2  -5  -4  -4    4  16   2   3   2   1  11   8   2   1   2  31   0   0   6   5   2   0   0   0  0.47 0.31
  405 A     1  -2  -5  -5  -5  -4  -3  -2  -5  -3  -3  -4  -1  -6   8  -2  -2  -6  -6  -3   11   2   0   0   0   0   1   3   0   1   2   0   2   0  69   3   2   0   0   2  1.87 0.75
  406 A     0  -2  -2  -1   2  -2  -1  -1  -2   2   0  -1   0   0  -3  -1   0  -4  -2   3   10   1   1   4   6   0   3   6   1  11   7   5   2   3   0   4   5   0   0  29  0.19 0.18
  407 L    -2   1   0  -4  -4  -2  -3  -1   3  -1   0   1  -1   4  -2  -2  -3   5   4  -2    4   9   5   0   0   1   0   4   8   2   9   8   1  20   2   2   0   8  13   2  0.46 0.30
  408 A     1  -2  -3  -4  -3  -3  -2   1  -4   0   0  -2   3   1  -2   0  -1  -4  -3   3   14   1   0   0   0   0   2  13   0   3   9   1   9   7   2   6   2   0   0  29  0.32 0.26
  409 L     0   0   0   0   2   0   0   4  -1  -2  -2  -2   0  -4  -2   0  -1  -4  -3  -1    5   4   4   4   4   5   8  35   1   2   4   1   3   0   2   8   4   0   0   4  0.31 0.21
  410 P    -2  -2  -1  -1  -4  -3  -3  -2  -1   1  -1  -3  -1  -1   6  -1  -1  -4  -1  -1    2   2   2   4   0   0   1   3   1   8   7   0   1   2  47   5   4   0   3   5  0.91 0.42
  411 I     1   0  -3  -3  -3  -2  -3   0  -3   1   0  -2   1   2   1  -1   0  -3  -2   2   14   7   0   0   0   2   0   7   0   7   9   0   5  11   8   4   7   0   0  19  0.18 0.18
  412 C    -1   0   0   1   4   2  -1  -2   0  -1  -1   0  -1   0   0   0   0  -3   1   0    5   6   4   8  12  11   2   1   3   4   5   6   1   4   4   8   7   0   5   6  0.12 0.13
  413 D    -1  -2  -2  -2  -3   0  -1  -1   0   2   1  -2   0   0   3  -2  -1  -3  -1   1    5   2   2   2   0   4   5   5   3  14  17   1   2   4  16   1   3   0   2  12  0.18 0.14
  414 Y    -1   1   0   0  -1   0   0   0   2  -2  -2  -1   0   0   2   1   0   2   3  -2    5   7   5   7   1   4   5   7   6   2   3   1   3   4   9  10   4   4  12   1  0.14 0.11
  415 G     0  -1   0   1  -2   0   0   2  -1   0  -1  -1   0   0   0   0   1  -2  -1   0    9   2   3   8   0   4   5  18   1   9   4   1   3   6   3   8   8   0   1   7  0.07 0.07
  416 R     0   1   1  -1  -1   0  -1   2   0  -1  -1   0   0  -1   1   0  -1  -2   0  -1    6   8   8   2   1   3   3  20   2   6   4   6   4   3   6   6   3   0   3   2  0.10 0.08
  417 L    -1  -1   0   1  -3   0   0  -1  -3  -2   0  -1   1  -3   5   0   0   0  -3  -2    4   3   5   9   0   4   5   3   0   2  11   2   5   0  30   8   5   1   0   2  0.44 0.26
  418 C     0  -1   0  -1   3  -1  -2  -2  -1   1   0  -1   1   3  -3   0   0  -2   3   0    8   4   4   4   7   1   2   2   1   9   7   4   3  14   0   5   5   0  11   7  0.12 0.12
  419 S    -1  -1   0   2  -3  -1   2   0  -1  -1  -1   0   0  -2   2   1   1  -3  -3  -1    3   3   2  11   0   0  16   7   1   5   4   7   2   2   9  12   9   0   0   4  0.16 0.14
  420 G    -1  -1   2   0  -4  -1  -2   5  -3  -2  -2  -3  -1  -2  -3   1  -1  -4  -4  -1    5   4  11   4   0   2   2  42   0   3   5   1   2   2   0  10   3   0   0   6  0.50 0.29
  421 Y     0  -2  -1  -2   1  -1  -2  -2  -1   1   2  -1   2   1  -2  -1  -2  -2   3   1    6   0   4   2   3   2   3   3   1   6  23   4   8   7   1   5   0   0  13  10  0.16 0.16
  422 L     0  -3  -4  -5   4  -2  -4  -3  -4   3   2  -4   3   1  -4  -1  -2  -3   0   2   10   1   0   0   8   2   0   2   0  17  20   0   8   7   0   4   1   0   3  16  0.41 0.26
  423 S    -1  -1  -4  -3   0  -4  -4  -1  -3   2   0  -4   1   4  -4   0  -2  -2   5   0    5   3   0   1   2   0   0   6   0  15  10   0   3  20   0  10   1   0  20   4  0.47 0.31
  424 V    -2  -3  -5  -4  -4  -4  -5  -5  -2   1   3  -2   3   4   0  -3  -3  -3   0   3    2   1   0   1   0   0   0   0   1   8  29   2   9  18   5   1   0   0   2  21  0.60 0.35
  425 G    -1  -2  -2  -2   2  -2  -3  -3  -4   1   2   0   5   1  -2  -1  -2   1  -1   1    5   1   2   2   4   1   0   2   0   5  20   5  20   8   2   6   1   2   1  12  0.31 0.26
  426 A    -2  -1  -1   2  -6  -1   0  -3  -1  -3  -3   0  -5  -2   7  -2  -4  -6  -5  -2    3   3   3  13   0   2   7   2   1   1   2   7   0   2  49   1   0   0   0   2  1.11 0.52
  427 R     0   2   2  -1   0   0  -1  -2  -2  -3  -2   2   1  -2  -3   3   0  -1   0  -1    7  14   9   2   2   4   1   1   0   0   2  11   4   1   0  25   6   1   4   6  0.26 0.24
  428 P     0   3  -1   1  -1   0  -1   0  -3  -4  -4   2  -3  -2   4   0  -2  -4  -2  -4    7  15   2   7   2   4   4   8   0   0   1  16   0   2  24   5   2   0   2   1  0.48 0.27
  429 G     0  -1   2   3   0   1   1   0  -1  -1  -2   1  -2  -1  -2   1   0  -4  -3  -2    8   2   9  21   2   5   7   9   1   3   4   9   0   2   1   8   5   0   0   2  0.20 0.16
  430 G    -1   1   0  -1  -5  -1   0   4  -3  -3  -5   2  -2  -2   1  -1  -1  -5  -4  -3    4   6   4   3   0   1   6  40   0   1   0  17   1   2   6   2   4   0   0   1  0.56 0.33
  431 D    -3  -3   0   6  -5   0   3  -2   0  -3  -5   1  -2  -5  -3   0  -1  -6  -5  -5    1   0   4  44   0   4  20   3   2   1   0   8   1   0   1   7   3   0   0   0  0.90 0.45
  432 G     0  -5  -1  -1  -6  -4  -1   6  -2  -4  -6  -1  -6  -6  -1  -3  -5  -6  -6  -3    6   0   2   3   0   0   5  72   1   1   0   5   0   0   3   0   0   0   0   2  1.46 0.63
  433 S    -1  -3   0  -1   1  -3  -1   3  -1   1  -3  -3  -1  -4   0   2   0  -5  -4   1    4   1   3   4   3   0   5  24   1  11   0   0   1   0   5  21   6   0   0  11  0.31 0.26
  434 W    -3   0  -4  -4   1  -2   1  -5  -4   1   1  -2   1   1  -5  -3  -1   6  -1   3    0   7   0   0   3   1  12   0   0   8  13   2   3   5   0   1   3  14   1  27  0.56 0.35
  435 L     1  -3  -1   3  -4   0   3  -3  -3   0   0  -1  -1  -2  -3  -1  -1   1   0   1   13   0   1  17   0   3  23   0   0   5   8   3   1   1   0   4   2   2   3  14  0.28 0.24
  436 L    -1  -4  -5  -5  -3  -4  -4  -5  -5   3   3  -4   2   1  -4  -3  -3   3  -3   4    6   0   0   0   0   0   0   0   0  15  25   0   5   7   0   2   0   4   0  35  0.71 0.37
  437 S     1   0  -2  -3   0   0  -2   0   2   0   0  -2   1   0   0   0   0   4   1   0   15   5   1   0   2   4   1   9   6   6   9   0   4   5   4   6   7   6   4   5  0.10 0.12
  438 A    -1  -4  -3  -3  -3  -1  -4  -3  -4   4   2  -4   3   0  -3  -1   0  -4  -1   3    6   0   1   1   0   3   0   2   0  25  16   0   8   3   1   6   6   0   2  20  0.40 0.27
  439 Y     0  -4  -2  -4   7  -1  -4  -1   0  -3  -1  -3   2   0  -1   2   3   1  -1  -1    8   0   1   0  24   2   0   4   2   0   4   1   6   4   3  16  17   2   2   3  0.58 0.37
  440 I    -2  -5  -3  -6   1  -4  -2  -6  -5   2   5  -5   1  -3  -2  -2  -2  -5  -4   1    2   0   1   0   2   0   3   0   0   8  63   0   3   0   2   4   1   0   0  10  0.92 0.47
  441 W    -1   0   0   0  -4   2   2  -4   2  -4  -2   0  -1  -1   4   0   1  -1  -3  -2    5   4   4   4   0   8  17   0   7   0   4   5   1   4  20   5  10   1   0   2  0.38 0.27
  442 P     1   1   0   2  -4   0   2  -2  -3  -4  -4   3  -3  -5   2   0   0  -5  -4  -1   11   7   3  14   0   4  12   1   0   0   0  21   0   0  11   6   5   0   0   5  0.39 0.28
  443 Q     0  -1  -2   3  -5   2   4  -4   2  -3  -4   1  -2  -3  -2   1  -1  -5  -4  -3    6   3   0  19   0   9  28   0   4   1   1  10   1   1   2  10   3   0   0   2  0.53 0.34
  444 M     2   0  -1   4  -1  -1   1  -4   6  -3  -3  -1   3  -4  -4  -2   0  -5  -3  -1   18   4   1  22   1   1   7   0  20   1   1   2   9   0   0   2   5   0   0   5  0.57 0.38
  445 A     0  -5  -5  -6  -5  -1  -5  -6  -5  -1   2  -3   8  -3  -6  -2  -4   3  -2   1    9   0   0   0   0   2   0   0   0   2  19   1  46   0   0   3   0   4   1  10  1.26 0.61
  446 A     0  -2   0   3  -5   1   4  -2  -3  -2  -3   2  -4  -5   1   0  -1  -5  -4  -2   10   0   3  17   0   4  28   1   0   2   1  15   0   0   6   7   3   0   0   4  0.47 0.32
  447 A     3   4  -3  -2   1  -1   0  -1   0  -3  -1   1  -1  -4  -3   0   0  -4  -3  -1   27  25   0   1   3   1   7   3   2   1   5  10   2   0   0   5   4   0   0   5  0.37 0.28
  448 L    -5  -6  -7  -7  -5  -6  -6  -7  -5   1   3  -6  -2   7  -7  -6  -5  -3   0   0    0   0   0   0   0   0   0   0   0   7  31   0   0  56   0   0   0   0   2   5  1.65 0.66
  449 E    -1   2  -1  -1  -4   2   3  -4  -3   0  -2   3   0  -1  -3  -2  -2  -4  -3   2    5  10   3   2   0   9  24   0   0   5   3  17   3   3   0   0   0   0   0  16  0.38 0.29
  450 S     1   0   0   0   0   2   2  -3  -1  -4  -4   4  -1  -5  -3   1  -1  -5  -4  -4   14   4   3   5   2  10  15   0   1   0   0  32   1   0   0   9   3   0   0   0  0.53 0.34
  451 D    -4   0   3   6  -5   1   3  -4  -3  -5  -5  -1  -5  -6  -4  -1  -3  -6  -5  -5    0   5  13  49   0   5  20   0   0   0   0   2   0   0   0   4   0   0   0   0  1.14 0.48
  452 G     2  -1  -2  -1  -3   2   3   0  -2  -2  -1   1  -2  -3   2   0  -1  -3  -3   0   20   0   0   0   0  10  22   6   0   0   4   9   0   0  10   6   3   0   0   9  0.26 0.17
  453 V    -2  -2  -3  -1  -4  -1   5  -2  -2   0   0  -2   2  -1  -3  -2   0  -3   1   0    0   0   0   0   0   0  52   3   0   6  12   0   5   3   0   0   5   0   6   7  0.56 0.32
  454 F    -4  -4  -5  -5  -4  -4  -5  -5  -4   0   2  -5   1   7  -5  -4  -4   7   1  -2    0   0   0   0   0   0   0   0   0   3  23   0   3  48   0   0   0  18   3   0  1.32 0.42
  455 K     0   3   3  -1  -3   0   0  -2   2  -3  -3   3  -2  -3  -2   0   1  -4  -2  -3    7  20  18   0   0   0   5   0   5   0   0  28   0   0   0   5  10   0   0   0  0.40 0.16
  456 P    -1   2  -1  -2  -3  -1   0   0   2  -3  -3   2  -2   0   3   1  -2   5  -1  -3    0  14   0   0   0   0   6   6   6   0   0  21   0   6  17  12   0  12   0   0  0.44 0.14
  457 L    -1  -3  -4  -4  -3  -3  -3  -4  -2   0   3  -3   4   3  -4  -3  -2  -1   5  -1    6   0   0   0   0   0   0   0   0   0  41   0  15  12   0   0   0   0  26   0  0.59 0.20
  458 T     1  -2  -1  -2  -2  -2  -2  -2  -3  -1  -2  -2  -1  -2  -2   0   5   4  -2   1   16   0   0   0   0   0   0   1   0   0   1   0   0   0   0   1  57   7   0  15  0.50 0.17
  459 A     3  -2  -1  -1   3  -1   0   2  -2  -2  -2  -1  -1  -2  -1   0  -1  -2  -2  -1   49   1   1   1  10   1   8  18   0   1   2   1   0   1   1   1   1   0   1   1  0.29 0.07
  460 E    -1   0  -1   0   3   1   4  -2  -1  -3  -3   3  -2  -3  -1  -1  -1  -3  -2  -2    1   1   1   1  12   1  53   1   0   1   1  24   0   0   1   1   1   0   0   1  0.48 0.08
  461 Y    -3  -2  -2  -3  -3  -1  -2  -4   6  -3  -2  -2  -2   2  -4  -2  -2   1   7  -2    0   0   0   0   0   0   0   0  29   0   0   0   0   0   0   0   0   0  71   0  1.16 0.17
  462 L    -1  -3  -4  -4  -2  -3  -3  -4  -3   3   3  -3   1   2  -3  -3  -1  -2  -1   3    0   0   0   0   0   0   0   0   0  24  35   0   0  13   0   0   0   0   0  29  0.38 0.07
  463 G    -1  -2   0   5  -4  -1   2   4  -2  -4  -4  -1  -3  -4  -2  -1  -2  -4  -3  -4    0   0   0  46   0   0  14  40   0   0   0   0   0   0   0   0   0   0   0   0  0.70 0.08
  464 L    -2  -2  -4  -4  -1  -2  -3  -4  -3   2   4  -3   2   0  -3  -3  -1  -2  -1   1    0   0   0   0   0   0   0   0   0   0 100   0   0   0   0   0   0   0   0   0  0.49 0.02
  465 T    -1  -1   0   3  -2  -1   0  -2  -2  -2  -2  -1  -1  -3  -1   1   4  -3  -2  -1    0   0   0  35   0   0   0   0   0   0   0   0   0   0   0   0  65   0   0   0  0.43 0.02
  466 V     3  -2  -2  -2  -1  -1  -1  -1  -2   1  -1  -1   0  -2  -1   0   0  -3  -2   2   67   0   0   0   0   0   0   0   0   0   0   0   0   0   0   0   0   0   0  33  0.26 0.01
  467 T     0  -1   0  -1  -1  -1  -1  -2  -2  -1  -1  -1  -1  -2  -1   1   5  -3  -2   0    0   0   0   0   0   0   0   0   0   0   0   0   0   0   0   0 100   0   0   0  0.48 0.00
  468 P    -1  -2  -2  -1  -3  -1  -1  -2  -2  -3  -3  -1  -2  -4   7  -1  -1  -4  -3  -2    0   0   0   0   0   0   0   0   0   0   0   0   0   0   0   0   0   0   0   0  0.00     0.00

                      K         Lambda
Standard Ungapped    0.1348     0.3201
Standard Gapped      0.0393     0.2670
PSI Ungapped         0.1285     0.3174
PSI Gapped           0.0393     0.2670
