
Last position-specific scoring matrix computed, weighted observed percentages rounded down, information per position, and relative weight of gapless real matches to pseudocounts
            A   R   N   D   C   Q   E   G   H   I   L   K   M   F   P   S   T   W   Y   V   A   R   N   D   C   Q   E   G   H   I   L   K   M   F   P   S   T   W   Y   V
    1 M    -1  -2  -3  -4  -1  -1  -3  -3  -2   1   3  -2   4   0  -3  -2  -1  -2  -1   1    0   0   0   0   0   0   0   0   0   0  50   0  50   0   0   0   0   0   0   0  0.35 0.00
    2 A     2  -1   4   0  -1   0  -1   0   0  -2  -2   0  -2  -3  -1   1   0  -3  -2  -1   50   0  50   0   0   0   0   0   0   0   0   0   0   0   0   0   0   0   0   0  0.35 0.00
    3 S     1  -2   0  -1  -2  -1  -1   4  -1  -3  -3  -1  -2  -3  -1   3   0  -3  -2  -2    0   0   0   0   0   0   0  50   0   0   0   0   0   0   0  50   0   0   0   0  0.53 0.00
    4 L    -2  -2  -4  -4  -1  -2  -3  -4  -3   2   4  -3   2   0  -3  -3  -1  -2  -1   1    0   0   0   0   0   0   0   0   0   0 100   0   0   0   0   0   0   0   0   0  0.46 0.00
    5 T    -1   4   0  -1  -2   0  -1  -2  -1  -2  -2   1  -1  -3  -2   1   3  -3  -2  -1    0  50   0   0   0   0   0   0   0   0   0   0   0   0   0   0  50   0   0   0  0.39 0.00
    6 S     0   0   0   0  -2   4   1  -1   0  -3  -2   1  -1  -3  -1   3   1  -2  -2  -2    0   0   0   0   0  50   0   0   0   0   0   0   0   0   0  50   0   0   0   0  0.40 0.00
    7 I    -1  -3  -3  -3  -1  -3  -3  -4  -3   4   1  -3   1  -1  -3  -2   0  -3  -1   3    0   0   0   0   0   0   0   0   0  50   0   0   0   0   0   0   0   0   0  50  0.35 0.00
    8 A     3  -1  -1   0  -2   1   3  -1  -1  -2  -2   0  -2  -3  -1   1   0  -3  -2  -1   50   0   0   0   0   0  50   0   0   0   0   0   0   0   0   0   0   0   0   0  0.36 0.00
    9 T     0  -1   0  -1  -1  -1  -1  -2  -2  -1  -1  -1  -1  -2  -1   1   5  -3  -2   0    0   0   0   0   0   0   0   0   0   0   0   0   0   0   0   0 100   0   0   0  0.48 0.01
   10 P    -1  -2  -2  -2  -3  -1  -1  -2  -2  -3  -3  -1  -3  -4   8  -1  -1  -4  -3  -3    0   0   0   0   0   0   0   0   0   0   0   0   0   0 100   0   0   0   0   0  2.05 0.01
   11 Y    -1  -2  -3  -3  -2  -2  -2  -3   0   1   0  -2   0   2  -3  -2  -1   1   5   2    0   0   0   0   0   0   0   0   0   0   0   0   0   0   0   0   0   0  50  50  0.37 0.00
   12 P     0  -2  -1  -1  -2  -1  -1  -2  -2  -3  -3  -1  -2  -3   7   2   0  -4  -3  -2    0   0   0   0   0   0   0   0   0   0   0   0   0   0  68  32   0   0   0   0  1.28 0.01
   13 S     0  -2   0   3  -2  -1   0  -1  -1  -3  -3  -1  -2  -3   5   2   0  -4  -3  -2    0   0   0  32   0   0   0   0   0   0   0   0   0   0  32  36   0   0   0   0  0.65 0.01
   14 S     2  -1   0   0  -1   1   3  -1  -1  -2  -2   0  -2  -3  -1   2   0  -3  -2  -1   32   0   0   0   0   0  32   0   0   0   0   0   0   0   0  36   0   0   0   0  0.32 0.01
   15 S     0  -1   0  -1  -2   3   0  -2  -1   1  -1   0   0  -2  -2   2   0  -3  -2   0    0   0   0   0   0  32   0   0   0  32   0   0   0   0   0  36   0   0   0   0  0.16 0.01
   16 Q    -1   0   0   4  -4   4   3  -2   0  -3  -3   1  -2  -3  -1   0  -1  -3  -2  -3    0   0   0  32   0  36  32   0   0   0   0   0   0   0   0   0   0   0   0   0  0.57 0.01
   17 A     4  -2  -2  -2   0  -1  -1   0  -2  -1  -2  -1  -1  -2  -1   1   0  -3  -2   0  100   0   0   0   0   0   0   0   0   0   0   0   0   0   0   0   0   0   0   0  0.43 0.01
   18 L    -2  -3  -4  -4  -1  -2  -3  -4  -3   3   4  -3   2   0  -3  -3  -1  -2  -1   2    0   0   0   0   0   0   0   0   0  32  68   0   0   0   0   0   0   0   0   0  0.40 0.01
   19 R     2   3   0  -2  -2   0   0  -1   5  -3  -2   1  -1  -2  -2   0  -1  -3   0  -2   32  36   0   0   0   0   0   0  32   0   0   0   0   0   0   0   0   0   0   0  0.34 0.01
   20 L     2  -1  -1  -2  -1  -1  -1  -2   5   0   2  -1   0  -1  -2   0  -1  -2   0   0   32   0   0   0   0   0   0   0  32   0  36   0   0   0   0   0   0   0   0   0  0.19 0.01
   21 K    -1   1   0   0  -3   1   3   3  -1  -3  -3   3  -2  -3  -1   0  -1  -3  -2  -3    0   0   0   0   0   0  32  32   0   0   0  36   0   0   0   0   0   0   0   0  0.40 0.01
   22 S     0  -1   0  -1  -2   0  -1  -2   5  -1   1  -1   0  -1  -2   2   0  -2   0  -1    0   0   0   0   0   0   0   0  32   0  32   0   0   0   0  36   0   0   0   0  0.20 0.01
   23 S     2   0   0  -1  -1   2   0  -1  -1  -2  -2   0  -1  -3  -1   3   1  -3  -2  -1   22   0   0   0   0  23   0   0   0   0   0   0   0   0   0  55   0   0   0   0  0.34 0.02
   24 G     0  -2   0  -1  -2  -1  -1   4  -2  -3  -3  -1  -2  -3  -2   2   2  -3  -2  -2    0   0   0   0   0   0   0  53   0   0   0   0   0   0   0  24  23   0   0   0  0.51 0.01
   25 N     0  -1   4   0  -2   0  -1   2   0  -3  -3  -1  -2  -3  -2   2   0  -3  -2  -3    0   0  45   0   0   0   0  17   0   0   0   0   0   0   0  38   0   0   0   0  0.45 0.02
   26 T     2  -1   0  -1  -1  -1  -1  -1  -2  -2  -2  -1  -1  -2  -1   3   3  -3  -2  -1   18   0   0   0   0   0   0   0   0   0   0   0   0   0   0  38  44   0   0   0  0.36 0.02
   27 L     1  -2  -2  -2  -1  -1  -2  -2  -2   0   2  -1   1  -1   3   1   0  -2  -2   0   18   0   0   0   0   0   0   0   0   0  44   0   0   0  20  18   0   0   0   0  0.27 0.01
   28 F     0  -3  -3  -3  -2  -3  -3  -2  -2   0   1  -3   0   5  -3  -2  -2   0   2   0   18   0   0   0   0   0   0   0   0   0  20   0   0  62   0   0   0   0   0   0  0.41 0.02
   29 S     2  -1   0  -1  -1  -1  -1  -1  -2   1  -1  -1  -1  -2  -1   3   1  -3  -2   0   20   0   0   0   0   0   0   0   0  18   0   0   0   0   0  62   0   0   0   0  0.26 0.02
   30 A     3  -2  -1  -2  -1  -1  -1   4  -2  -2  -2  -1  -2  -3  -1   1  -1  -3  -2  -1   65   0   0   0   0   0   0  35   0   0   0   0   0   0   0   0   0   0   0   0  0.47 0.02
   31 G     0   2   0  -1  -3   0   1   4  -1  -3  -3   0  -2  -3  -2   1  -1  -3  -3  -3    0  17   0   0   0   0  18  47   0   0   0   0   0   0   0  18   0   0   0   0  0.44 0.02
   32 V    -1  -2  -2  -3  -1  -2  -2  -3  -1   1   2  -2   1   1  -2  -2  -1  -1   2   2    1   1   1   1   0   1   1   1   0   1  41   1   0   1   1   1   1   0  16  27  0.18 0.01
   33 R    -1   3   0   2  -4   2   3  -2   3  -3  -3   1  -2  -3  -2  -1  -1  -3  -1  -3    0  26   0  13   0  12  34   0  15   0   0   0   0   0   0   0   0   0   0   0  0.45 0.02
   34 S     1  -1   3   2  -2   0   0  -1  -1  -2  -3  -1  -2  -3  -1   2   1  -3  -2  -2   15   0  29  18   0   0   0   0   0   0   0   0   0   0   0  26  12   0   0   0  0.34 0.02
   35 A     2  -2  -2  -2  -1  -2  -2   1  -2   0   0  -2   0   2  -2   0  -1  -2   0   1   44   0   0   0   0   0   0  12   0   0  13   0   0  15   0   0   0   0   0  16  0.15 0.01
   36 A     2  -1   2  -1  -2   0   1  -1  -1  -1   0  -1  -1  -2   3   0  -1  -3  -2  -1   38   0  16   0   0   0  13   0   0   0  15   0   0   0  18   0   0   0   0   0  0.26 0.01
   37 M    -1  -2  -2  -3  -1  -2  -2  -3  -2   2   2  -2   3   3  -2  -2  -1  -1   0   1    1   1   1   1   0   1   1   1   0  17  28   1  27  18   1   1   1   0   0   1  0.22 0.01
   38 V     1   2  -2  -2  -1  -1  -1  -2  -2   1   0  -1   0   1  -2  -1   0  -2   0   2   16  19   1   1   0   1   1   1   0   1   1   1   0  13   1   1   1   0   0  43  0.09 0.01
   39 S     0  -1   0  -1  -1  -1  -1  -1  -1  -2  -2  -1  -1  -1  -1   3   2   6   0  -1    1   1   1   1   0   1   1   1   0   1   1   1   0   0   1  54  17  18   0   1  0.42 0.02
   40 G     0  -2   0   2  -3  -1  -1   5  -2  -3  -3  -1  -3  -3  -2   0  -1  -3  -3  -3    1   1   0  15   0   0   1  76   0   1   1   1   0   0   1   1   1   0   0   1  0.75 0.03
   41 H    -1   1   0  -1  -3   0  -1  -2   7  -3  -2  -1  -1   1  -2   0  -1  -2   1  -3    1   9   0   0   0   0   1   1  62   0   1   0   0  11   0  11   0   0   0   1  0.55 0.05
   42 K     1   0   1   1  -2   0   0  -1  -1  -1  -2   2  -1  -2  -1   0   1  -3  -2   0   18   0   9  11   0   0   1   1   0   0   1  33   0   0   0   1  11   0   0  14  0.14 0.02
   43 T    -1   2   0   2  -2  -1   0  -2  -1  -1  -1   0  -1   2  -2   0   2  -2   0   0    1  24   0  19   0   0   1   1   0   0   1   0   0  18   0   1  22   0   0  11  0.14 0.02
   44 L    -1  -1  -3  -3  -2  -2  -2  -3  -3   2   3   0   1  -1  -3  -2  -1  -2  -1   2    0   0   0   0   0   0   0   0   0   0  50  15   0   0   0   0   0   0   0  35  0.26 0.04
   45 K    -1   1   1   1  -4   1   2  -2  -1  -3  -3   4  -2  -4  -1   0  -1  -3  -2  -3    0   0   7   8   0   0  15   0   0   0   0  69   0   0   0   0   0   0   0   0  0.50 0.05
   46 I    -2  -3  -3  -4  -2  -2  -3  -4  -2   3   2  -3   3   3  -3  -2  -1  -1   2   2    0   0   0   0   0   0   0   0   0  36  18   0  15  15   0   0   0   0   9   7  0.30 0.03
   47 Q    -1   1   2   0  -3   3   1  -2   3  -2  -1   3  -1  -2  -2   0  -1  -3  -1  -2    0   0  15   0   0  19   8   0  14   0   8  31   0   0   0   0   0   0   0   0  0.28 0.03
   48 C     0  -1  -1  -1   6  -1  -1  -1  -1   0  -1   0  -1  -1  -1   0  -1  -1   1   0   10   2   2   2  35   1   2   3   1   8   3  13   1   1   2   2   2   0   8   2  0.25 0.02
   49 T     0  -1   1   0  -1   0   1   0  -1  -1  -2   0  -1   0  -1   1   3  -2  -1  -1    1   1   6   1   0   1  17   8   0   1   2   1   0   6   1  14  37   0   1   1  0.19 0.03
   50 S     0  -2   0   0  -2  -1   0  -1  -1   1  -2  -1  -1  -2  -2   4   0  -3   0  -1    1   0   0   4   0   0   5   1   0  15   1   0   0   0   0  68   0   0   3   0  0.37 0.11
   51 T     0   0  -1  -1  -2   1  -1  -2   0   1  -1  -1  -1  -2   0   0   3  -3  -2   2    6   4   0   3   0   9   0   0   3   9   0   0   0   0   4   3  35   0   0  25  0.19 0.07
   52 K     2   2  -1  -1  -2   0   1  -1   3  -2  -2   2  -2  -3  -1   0   0  -3  -1  -2   33  11   0   0   0   0  10   0  10   0   0  26   0   0   0   3   6   0   0   0  0.27 0.07
   53 P    -1  -2  -2   0  -3  -1   2  -2  -2  -2  -1   0  -2  -1   6   0   0  -3  -2  -1    3   0   0   3   0   0  17   0   0   0   6   3   0   4  49   9   3   0   0   4  0.81 0.10
   54 A     3   0  -2  -2  -2  -1   1   0  -1  -1  -2   0  -1   0  -2   0   0  -2   1   0   50   7   0   0   0   0   9   5   0   0   0   7   0   4   0   0   3   0   5   8  0.20 0.07
   55 K    -1   2  -1  -1  -2   1   0  -2   0   1   0   3   1  -2   1  -1  -1  -3  -2  -1    3  10   0   3   0   7   4   0   2  13  12  29   8   0   6   0   0   0   0   0  0.15 0.06
   56 P    -2  -3  -2  -2  -4  -2   1   0  -3  -3  -2  -2  -3  -4   7  -2  -2  -4  -4  -3    0   0   0   0   0   0  15   8   0   0   5   0   0   0  70   0   0   0   0   0  1.49 0.20
   57 A     0   1  -2  -3  -2  -2  -2   0  -2   0   0   0  -1   5  -3  -1  -2  -1   1  -1   13  10   0   0   0   0   0   8   0   4   9  10   0  40   0   4   0   0   0   0  0.24 0.09
   58 A     2   0  -1  -1  -2   0   0   2  -2  -1  -1   0  -1  -2   0   1   0  -3  -2   0   22   6   0   0   0   2   8  16   0   0   8   7   0   0   3  16   0   0   0  11  0.13 0.05
   59 E    -1   3   0   1  -3   1   3  -2  -1  -3  -3   3  -2  -3   1   0   0  -3  -2  -3    4  16   3   7   0   0  25   0   0   0   0  31   0   0   6   4   3   0   0   0  0.41 0.10
   60 V    -1  -2  -2  -3  -2  -2  -2  -3  -2   2   2  -2   4  -1   0   0  -1  -2  -1   2    0   0   0   0   0   0   2   0   0  18  23   0  21   0   4  12   0   0   2  15  0.25 0.09
   61 D    -1   0   1   3  -3   0   1  -2  -1   0  -2   3  -2  -3  -2   0   0  -3  -2  -1    1   0   7  20   0   0   6   1   0   9   1  39   0   0   0   5   4   0   0   5  0.28 0.09
   62 W    -1  -3  -3  -3  -2  -2  -3  -3  -2   1   1  -3   0   0  -3  -2   0   7   2   3    3   0   0   0   0   0   1   1   0   3  14   0   0   0   0   1   5  24   9  38  0.59 0.13
   63 R    -2   5  -1  -1  -3   0   2  -2  -1  -3  -2   3  -1  -3  -2  -1  -1  -3  -2  -3    1  43   0   0   0   0  13   1   0   0   5  29   2   0   0   3   0   0   0   1  0.57 0.13
   64 Q    -1   2  -1  -1   2   2   1  -1  -1  -1   2   0   0  -1  -2  -1  -1  -2   0  -1    0  15   2   2   6  17   8   6   0   0  35   2   0   0   0   0   0   0   4   0  0.16 0.09
   65 K     0   3  -1   0  -3   0   0  -2  -1  -2  -1   4   1  -3  -2   0  -1  -3  -2  -2    6  15   0   4   0   0   2   0   0   0   6  51   6   0   0   6   0   0   0   2  0.40 0.13
   66 R    -2   5  -1  -2  -4   2   0  -3  -1  -2  -1   4  -2  -3  -2  -1  -1  -3  -2   0    0  40   0   0   0  10   3   0   0   0   4  31   0   0   0   0   2   0   0   8  0.58 0.17
   67 E     0  -1   1   3  -3   0   4  -2  -1  -3  -3   0   1  -3  -2   1  -1  -4  -3  -3    5   0   4  19   0   0  46   0   0   0   0   4   7   0   0  11   2   0   0   0  0.54 0.16
   68 L    -2  -3  -3  -2  -2  -3  -3  -4  -3   3   3  -3   1   1  -1  -3  -2  -2   0   2    0   0   0   3   0   0   0   0   0  25  47   0   2   4   3   0   0   0   4  10  0.43 0.16
   69 L    -1   2   0  -1   1   0  -2  -3  -2   1   1  -1   0  -2  -3  -1  -1  -3  -2   3    1  15   7   3   4   5   0   1   0   8  18   0   0   0   0   2   2   0   0  33  0.18 0.13
   70 L    -2   1  -2  -3  -2  -2  -3  -3  -3   2   3  -1   1  -1  -3  -1   1  -3  -2   0    0  11   2   0   0   0   0   0   0  12  47   2   1   0   0   4  13   0   0   4  0.33 0.17
   71 E     0  -2  -1   0   0   0   4  -2   0  -2   1   0   0  -2  -1   1   0  -3  -2  -2    9   0   1   4   2   0  39   2   1   0  17   3   2   1   2  11   4   0   0   0  0.29 0.18
   72 K     0   0  -1   0  -3   0   1   1  -2  -1  -1   0  -1  -3   3   0   0  -3  -2  -1    6   3   1   6   0   3  11  14   0   3   9   8   1   0  19   5   6   0   0   4  0.23 0.09
   73 R    -1   1  -1   1  -3   2   3  -2  -1  -3  -3   2  -2  -1  -1   0   1  -3  -2  -1    3  10   0   9   0   8  25   0   0   0   0  13   0   3   2   6  14   0   0   5  0.30 0.15
   74 V     0  -2  -1   2  -2  -1   0   3  -2   0  -1  -2  -1   0   0  -1  -1  -3  -2   1    5   0   2  13   0   3   5  27   0   4   6   0   0   7   6   2   0   0   0  19  0.18 0.12
   75 R     0   2   0  -1  -3   0   2  -2  -2   0  -2   4  -2  -3  -2  -1   0  -3  -3  -1    9  15   4   1   0   2  14   0   0   7   1  33   0   0   0   0   8   0   0   5  0.32 0.18
   76 S     0   2  -1  -3  -3  -2  -2  -1   3  -3  -1  -1  -2   1  -3   1   1  -1   6  -2    6  15   1   1   0   0   1   4   9   1   4   1   0   3   1  10   9   0  34   1  0.47 0.24
   77 V    -3  -4  -5  -3  -3  -4  -5  -5  -5   4   2  -4   0  -2  -5  -4  -1  -4  -2   4    0   0   0   2   0   0   0   0   0  29  24   0   1   0   0   0   2   0   1  42  0.88 0.38
   78 D     0  -2   1   4  -4  -1   2  -3  -2  -4  -4   1  -3  -5   1   3   1  -5  -4  -3    5   0   5  23   0   1  13   0   0   0   0  11   0   0   6  25  11   0   0   0  0.52 0.29
   79 V     1  -4  -4  -2   0  -3  -3  -4  -4  -2  -2  -3  -3  -4   6   0  -1  -5  -2   3   12   0   0   2   2   0   0   0   0   0   2   0   0   0  46   6   2   0   2  26  1.08 0.44
   80 K     0   2   0   1  -4   2   3  -2   1  -3  -2   3  -2  -2  -1   0   0  -4  -1  -2    7  11   3   5   0  12  20   1   3   0   2  21   0   1   2   5   4   0   1   3  0.33 0.20
   81 E    -2  -2   0   4  -5   2   5  -2  -1  -5  -5  -1  -4  -5  -3  -2  -2  -5  -4  -2    2   1   2  29   0   9  46   2   1   0   0   1   0   0   0   1   1   0   0   3  0.99 0.43
   82 A     2  -5  -5  -6  -4  -4  -5  -4  -4  -3  -1  -5  -3   3  -5  -3  -4  10   4   0   21   0   0   0   0   0   0   0   0   0   5   0   0  13   0   1   0  40  13   7  1.57 0.55
   83 Q    -3   1   5   1  -5   3  -1  -1   3  -5  -3   2  -3  -4  -4   0  -2  -5  -1  -4    0   8  39   6   0  13   0   3   7   0   3  14   0   0   0   4   0   0   3   0  0.71 0.36
   84 R     2   1   0   1  -3   1   3  -1  -2  -3  -3   1  -2  -4  -1   0   0  -4  -1  -3   23   6   5   9   0   8  22   2   0   0   1   9   1   0   2   6   3   0   2   0  0.32 0.21
   85 L     0  -3  -4  -4  -3  -3  -4  -4  -1   0   4   0   2   2  -4  -2  -3  -3   0   0    9   0   0   0   0   0   0   0   1   3  56   9   5   8   0   3   0   0   2   3  0.56 0.31
   86 Q    -1  -2  -2  -4  -3  -1  -4  -5  -4   5   3  -3   2  -2  -4  -3  -2  -4  -2   1    3   3   2   0   0   3   0   0   0  40  32   0   5   0   0   0   1   0   1   8  0.65 0.31
   87 K     1   0   1   2  -2   2   1  -2  -2  -3  -2   2  -1  -4  -2   2   0  -4  -3  -3   14   4   5  13   1  12   6   1   0   0   4  12   1   0   0  22   4   0   0   0  0.30 0.21
   88 E     0   0   1   5  -4   2   2  -1  -2  -4  -3   1  -3  -5  -3   1  -1  -5  -4  -4    6   4   4  40   0  11  11   3   0   0   2   7   0   0   0   9   3   0   0   0  0.63 0.31
   89 N    -1  -2   0   0  -4   2   3  -1   0  -5  -4   2  -4  -5   5   0  -2  -5  -4  -4    3   1   4   3   0  12  19   4   2   0   0  12   0   0  32   8   1   0   0   0  0.74 0.34
   90 N    -2   0   3   5  -5  -1   2   1  -3  -5  -4  -1  -4  -5   1  -1  -3  -5  -4  -5    1   6  15  38   0   2  12  13   0   0   1   2   0   0   7   3   0   0   0   0  0.73 0.34
   91 F     0  -3  -2  -3   0  -2  -3  -4   5  -1  -2  -1  -1  -1  -1  -1   3  -3   2   3    9   0   0   0   2   0   0   0  18   1   0   3   1   2   3   4  25   0   9  24  0.48 0.33
   92 V    -2   0  -4  -4  -3  -1  -3  -4  -1   4   2  -2   0  -1  -2  -2   0  -4  -1   3    1   6   0   0   0   2   0   0   2  25  24   2   1   1   2   2   4   0   2  25  0.42 0.25
   93 I    -3  -4  -5  -5  -3  -4  -5  -5  -2   2   4  -4   0   1  -5  -4  -1  -3   1   4    0   0   0   0   0   0   0   0   1   7  45   0   1   7   0   0   2   0   4  32  0.79 0.37
   94 L    -3  -5  -5  -6  -3  -5  -5  -6  -5   5   3  -5   0  -1  -5  -4  -3  -4  -3   3    0   0   0   0   0   0   0   0   0  43  30   0   2   1   0   0   0   0   0  24  1.04 0.43
   95 D    -5  -5  -2   8  -7  -4  -2  -5  -5  -7  -7  -4  -7  -7  -5  -4  -4  -8  -7  -7    0   0   0 100   0   0   0   0   0   0   0   0   0   0   0   0   0   0   0   0  2.70 0.86
   96 V     0  -4  -4  -4  -3  -4  -4  -4  -5   1  -2  -4   2  -4  -4  -2   5  -5  -4   5    7   0   0   0   0   0   0   0   0   5   0   0   6   0   0   1  38   0   0  44  0.96 0.49
   97 R    -5   8  -4  -5  -7  -2  -3  -6  -4  -6  -6  -1  -5  -6  -6  -4  -5  -6  -5  -6    0 100   0   0   0   0   0   0   0   0   0   0   0   0   0   0   0   0   0   0  2.65 0.87
   98 P    -3  -3   7   1  -5  -1  -2  -3  -3  -5  -6  -2  -5  -6   3  -1   1  -6  -5  -5    1   0  57   8   0   2   2   0   0   0   0   1   0   0  18   4   8   0   0   0  1.30 0.54
   99 E     0   0   0   4  -4   0   1  -2   3  -4  -4   0  -3  -4   3   1   0  -2  -3  -3    7   4   3  27   0   4   6   2   9   0   1   5   0   0  16   9   6   0   0   1  0.48 0.26
  100 A    -1  -2  -4   0  -5   1   1  -5   3  -4  -3  -3  -3   1  -2  -2  -2   1   7  -3    7   2   0   5   0   6   8   0   6   0   2   0   0   3   2   2   2   2  54   1  1.10 0.49
  101 E    -3  -3  -3  -2  -6   1   7  -5   3  -6  -6  -2  -5  -6  -4  -1  -3  -6  -5  -5    1   0   0   0   0   5  83   0   6   0   0   0   0   0   0   4   1   0   0   0  1.78 0.69
  102 Y    -2  -1  -4  -5  -4  -4  -4  -5  -3   1  -1  -4  -2   5  -5  -3   0   3   4   3    1   3   0   0   0   0   0   0   0   9   1   0   0  34   0   1   5   5  18  21  0.85 0.39
  103 K     1   0   1   2  -4   1   4  -2  -1  -3  -4   2  -3  -4  -3   1  -2  -5  -4  -3   17   4   6  13   0   6  28   2   1   1   0  14   0   0   0   8   0   0   0   1  0.47 0.28
  104 A    -1   0  -4  -4  -3   0  -2  -5  -4   5   1   0   1  -1  -4  -2  -2  -4  -3   2    3   5   0   0   0   5   2   0   0  46  10   5   2   2   0   2   0   0   0  16  0.57 0.32
  105 G     1  -4  -1  -4   3  -4  -2   6  -4  -5  -5  -4  -5  -5  -4   0  -2  -5  -5  -3   10   0   2   0   6   0   2  71   0   0   0   0   0   0   0   5   2   0   0   1  1.35 0.51
  106 H    -2   1  -1  -3  -4   1  -1  -4   7  -4  -4   0  -1  -4  -4   1   4   0  -2  -3    2   7   2   0   0   5   2   0  37   0   1   6   1   0   0   9  26   2   0   0  0.96 0.46
  107 P    -2  -5  -5  -6  -1  -5  -5  -6  -4   2   1  -5  -1   7  -2  -5  -4  -2   0   0    3   0   0   0   2   0   0   0   0  12  13   0   1  61   3   0   0   0   0   5  1.32 0.51
  108 P    -2   2  -1   0  -2   1   3  -4  -3  -5  -5   3  -4  -5   4  -1  -2  -5  -4  -4    3  10   2   5   1   6  22   0   0   0   0  25   0   0  23   2   1   0   0   0  0.76 0.36
  109 G    -1  -1   4   1  -4  -2  -1   5   2  -5  -5  -2  -4  -5  -3   0  -2  -5  -3  -5    2   3  20   7   0   1   4  47   5   0   0   1   0   0   1   6   2   0   1   0  0.80 0.36
  110 A     6  -4  -4  -4   0  -3  -3  -3  -4  -4  -4  -3  -4  -5  -4   3  -2  -5  -5  -2   75   0   0   0   2   0   0   0   0   0   0   0   0   0   0  22   0   0   0   1  1.36 0.61
  111 I    -3  -4  -4  -4  -3  -2  -2  -5  -2   5   1  -2  -1   1  -4  -2  -1  -4  -1   3    0   0   0   0   0   2   2   0   1  45  12   2   0   5   0   2   2   0   2  24  0.68 0.33
  112 N    -4  -1   6   4  -5  -1   0  -3   5  -3  -5  -1  -4  -5  -4  -2  -3   0  -3  -5    0   2  50  21   0   1   4   0  13   2   0   2   0   0   0   0   0   2   0   0  1.17 0.48
  113 V    -1  -1  -2  -2  -2  -2  -2  -2  -2   4   1  -2   0  -1   1  -1   1  -2  -2   3    2   3   1   1   1   1   2   2   1  30   9   2   1   1   7   2  12   0   1  21  0.30 0.16
  114 E    -2  -2   0   0  -3   1   1  -3  -2  -3  -3   0  -3  -4   6  -1   1  -4  -3  -3    2   1   5   4   0   6   9   1   0   1   2   5   0   1  50   2   8   0   1   1  1.02 0.34
  115 M     0  -1   0  -1   0   0  -1  -2  -1   1   1  -1   1  -1  -2   0   1   0   1   0    7   3   5   2   2   3   4   2   1   7  21   3   3   1   1   8  12   2   7   6  0.06 0.07
  116 Y     0  -2   0   0  -2  -1  -1  -1   0   0  -1   0  -1   4   0   0   1   1   1   0    6   2   5   6   1   1   2   4   2   4   3   6   1  31   4   6  10   2   2   5  0.20 0.13
  117 R    -1   3  -1   0  -2   0   1  -1  -1  -1   0   1   0  -2  -1   0   0  -2  -1  -1    3  26   1   5   1   2  11   4   1   4  11  10   2   1   2   4   6   0   2   3  0.17 0.10
  118 L    -1  -1   1   1   1   0   1  -1   0   0   0  -1   0   1  -1   0   0  -1   1   0    3   2   7   8   5   2  15   2   1   7  11   3   3   9   2   6   4   0   5   6  0.05 0.05
  119 I    -1   1  -1   0   1  -1   0  -1  -1  -1   1  -1  -1   4  -1  -1   0  -1   0  -1    4   8   3   7   3   1   9   3   1   3  17   2   1  23   3   3   5   0   1   2  0.12 0.09
  120 R    -1   2   0   2  -2   0   2  -1  -1  -2  -2   0  -2  -2   4   0  -1  -2  -2  -2    3  16   3  13   1   3  15   3   1   3   3   3   1   1  20   6   2   0   1   2  0.34 0.13
  121 E     0   0   1   3  -2   2   1  -1   1  -2  -1   1  -1  -2   0   0  -1  -2  -1  -2    8   3   8  19   1  12  10   4   3   2   6   7   1   1   3   6   2   1   1   2  0.18 0.08
  122 W    -1  -2   1  -1   1  -1  -1  -1  -1  -1   1  -1   1   2  -2   0  -1   6   0  -1    5   2   8   3   3   2   2   3   2   3  20   2   5   9   2   7   4  15   2   2  0.26 0.11
  123 T     0  -1   0   2  -1   0   0  -1  -1  -1  -1   0  -1  -1   3   0   0  -1   1   0    5   2   3  14   1   4   6   5   1   4   7   4   1   2  15   7   5   1   5   7  0.14 0.05
  124 A     1   0   0   0  -1   0   0  -1  -1   0   0   0   0   0   1   0   0  -1  -1   0   15   4   5   5   1   5   5   4   2   9  12   5   4   4   7   5   4   1   1   3  0.03 0.02
  125 W     0  -1   0   0  -1   0   0   1   0  -1  -1   1  -1  -1  -1   0   0   5   0  -1    6   2   3   6   1   3   8  12   2   4   6  10   1   3   2   8   4  11   2   4  0.13 0.06
  126 D     0   1   0   1  -1   0   0  -1   0  -1  -1   0  -1  -1   0   0   1   2  -1   0    6   8   5   8   1   2   5   4   2   3   7   7   1   3   4   7  13   4   2   9  0.05 0.03
  127 I     0   0  -1   0  -1   0   0  -1  -1   1   1   0   0   0   0   0   0  -1  -1   0    9   4   2   4   1   3   8   4   1  10  15   5   1   6   4   7   7   1   2   5  0.02 0.02
  128 A     0   0   0   1  -1   0   1   0   0   0  -1   0   0   0   0   1   0  -1   0  -1   11   5   2   8   1   4   8   5   2   5   7   4   2   6   5  14   3   1   4   4  0.04 0.02
  129 R     0   1   1   0  -1   1   0   0  -1  -1   0   2  -1   1   0   0   0   0  -1  -1    5   6  10   4   1   5   5   5   1   3   9  18   1   8   4   6   3   1   2   3  0.07 0.04
  130 R    -1   2   0  -1  -1   2   1  -1   0  -1   0   1  -1  -1  -1   0   0  -1   0  -1    5  14   2   3   1  11   8   4   3   4  10  13   1   3   3   5   4   1   2   3  0.09 0.04
  131 L     0   0  -1   0  -1   0   1  -1   0   0   0   0   0   0   0   0   0  -1   0   0    7   4   3   4   1   3  11   4   2   8  14   8   2   4   4   4   5   1   3   9  0.01 0.01
  132 G     1   0   0   0  -1   0   0   1   1  -1  -1   0  -1  -1   1   1   0  -1  -1  -1   11   5   3   3   1   5   7  11   5   3   7   7   1   2   5  12   5   1   2   4  0.06 0.01
  133 F     0   0   1   0  -1   0   0  -1   0   0   0   0   0   1   0   0   0   0   0   0    5   7   8   4   1   4   5   5   1   5  13   5   2  11   5   5   5   1   4   5  0.02 0.01
  134 A     0   0   0   0  -1   0   0   1   0  -1  -1   0   0  -1   1   0   0  -1  -1   0   12   3   6   6   1   3   7  12   2   5   7   6   2   3   6   7   4   1   2   5  0.04 0.01
  135 F     0   0   0   0  -1   0   0   0   0   0   0   0   1   1   0   0   0   0   0   0    7   4   3   7   1   7   5   5   3   7   9   5   7   7   4   6   4   1   4   5  0.01 0.01
  136 F     0   0   0   0  -1   0   0   0   0   0   0   0   0   1   1   0   0   0   0   0    8   3   5   5   1   3   6   7   1   7   7   8   2   8   5   8   6   1   4   4  0.02 0.00
  137 G     0   0   0   0  -1   0   0   1   0  -1   0   1   0  -1   0   0   0  -1  -1  -1    8   6   5   4   1   4   7  14   2   4  10   9   2   3   5   5   4   1   2   5  0.04 0.01
  138 I     0   0   0   0  -1   0   0   0  -1   0   0   0   0   0   0   0   0   2   0   0    7   4   5   5   1   3   4   6   2   9  14   5   2   3   4   6   9   4   2   8  0.01 0.00
  139 F     0   0   0   0   0   0   1   0   0  -1   0   0   0   1   1   0   0   3   0  -1    7   4   5   6   3   3  10   8   2   4   8   4   2   7   7   5   4   5   2   5  0.05 0.01
  140 S     0   0   0   0  -1   0   0   0   0   0  -1   0   0   0   2   1   0  -1   0   0    6   5   5   4   1   4   6   5   1   6   6   6   1   5   9  13   7   1   2   6  0.05 0.01
  141 G     0   0   0   0   0   0   0   2   0  -1  -1   0  -1  -1   0   0   0  -1  -1  -1   11   5   4   6   3   5   4  20   2   3   6   6   1   3   3   5   4   1   2   5  0.07 0.02
  142 T     0   0   0  -1  -1   0   0   0  -1   0   0   0   1  -1   0   0   2  -1  -1   0    8   5   3   3   1   4   5   6   1   6   9   7   5   2   3   6  18   1   2   6  0.04 0.03
  143 E     0   1   0   1  -1   1   2  -1   0  -1  -1   1   0  -1   0   0   0  -1  -1   0    4   7   4   7   1   6  15   4   1   4   5  12   3   2   5   6   4   1   2   8  0.08 0.03
  144 E    -1   0   0   0  -1   1   2  -1  -1   0  -1   1   0  -1  -1   0   0  -1  -1   0    4   2   4   5   1   4  17   5   1   8   5  12   3   2   2   6   7   1   1  10  0.07 0.04
  145 N    -1  -1   4   0  -2  -1   0  -1  -1  -1  -1  -1  -1   4  -1   0   0  -1   0  -1    3   2  25   4   1   2   5   3   1   2   5   3   2  22   2   6   4   1   1   5  0.25 0.12
  146 P    -1   2  -1   0  -2   1   0  -2  -1  -2  -2   1  -2  -2   5  -1   0  -2  -2  -2    4  11   2   5   1   8   5   3   1   2   5   7   1   1  33   4   4   1   1   2  0.51 0.15
  147 E    -1   0   0   3  -2   1   3  -1  -1  -1  -1   0  -1  -2  -1   0  -1  -2  -2  -1    5   3   5  16   1   4  29   3   1   3   5   6   1   1   2   8   3   0   1   4  0.26 0.12
  148 F    -1  -2  -2  -1  -2  -1  -2  -2  -1   0   0  -1   0   5  -2  -1  -1   5   3  -1    6   2   2   4   1   3   2   3   1   6   7   3   3  29   2   5   2   8  10   3  0.34 0.13
  149 I     0  -1  -2  -1  -1  -1  -1  -2  -2   1   2  -1   1   0   1  -1  -1  -1  -1   2    7   4   2   4   1   2   2   3   1   5  29   4   3   3   8   3   2   1   1  16  0.12 0.07
  150 Q     0   2   0   0  -2   2   2  -1   0  -2  -2   2  -1  -2   0   0  -1  -2  -1  -1    5  11   3   4   1  11  14   3   2   2   4  18   1   2   3   7   3   1   3   3  0.19 0.08
  151 S    -1   0   0   0  -2   2   1  -1   2  -1  -1   1   0  -1  -1   1  -1   1   1  -1    4   5   4   4   1  15   9   3   7   3   6   8   3   2   3  10   2   2   5   4  0.10 0.06
  152 V     0  -1   0  -1   0  -1  -1  -1   0   1   0  -1   0  -1  -1  -1   0   0  -1   2    7   3   6   4   2   2   3   4   2   9  10   3   1   2   3   5   3   2   2  28  0.06 0.05
  153 E     0   1   1   0  -1   1   2  -1   0  -1  -1   1   0  -2   0   1   0  -2  -1  -1    9   7   7   5   1   7  16   3   1   3   4   7   2   2   3  12   6   1   1   4  0.12 0.05
  154 A     1  -1   1   0  -1   0   1  -1   0  -1   0   0  -1  -1   0   1   0  -1  -1  -1   13   2   9   5   1   3  10   4   2   2  11   7   1   4   3  12   3   1   1   4  0.06 0.04
  155 K    -1   1   1   1  -2   1   2  -1   2  -1  -1   2  -1  -2   0  -1  -1  -2  -1  -1    3   5   6   8   1   6  13   5   8   2   9  15   1   1   3   3   2   1   1   5  0.12 0.06
  156 L     0   0  -1  -1   1   0  -1  -2   0   0   1   0   0   2   2  -1  -1  -1   0   0    6   4   3   2   3   5   4   3   3   4  19   5   1  14  10   3   2   0   2   6  0.08 0.06
  157 D    -1   0   2   3  -2   0   0   0   0  -2  -1   0  -2  -2   2   1  -1  -2  -1  -2    5   6   9  26   1   2   4   5   2   2   5   6   1   1  10   9   3   0   2   2  0.24 0.11
  158 K    -2   1  -1  -1  -3   2   1  -2  -2  -3  -2   5  -1  -2   1  -1  -1  -3  -2  -2    2   5   3   2   0  10   6   2   0   1   4  43   2   2   8   3   4   0   1   1  0.48 0.24
  159 E     0  -2   2   4  -3   0   2   0   5  -3  -3   0  -3  -3  -2   0  -1  -4  -2  -3    6   1   8  24   0   2  14   7  16   1   2   4   0   0   1   7   4   0   0   1  0.45 0.23
  160 A    -1   1  -1   1  -1   0   0  -2  -1  -3  -2   4  -3  -4   1   1   1  -4  -3  -3    5   4   0  10   1   3   4   1   1   0   3  37   0   0   6  13   8   0   0   1  0.41 0.26
  161 K    -2   2   2   1  -3   0   0  -3   1  -3  -3   4  -3  -4   3  -2  -1  -4  -3  -3    1   8  10   7   1   1   5   1   4   1   2  37   0   0  16   0   4   0   0   0  0.55 0.25
  162 I    -3  -5  -5  -5  -3  -5  -5  -6  -5   6   2  -5   0  -2  -5  -4  -2  -5  -3   4    0   0   0   0   0   0   0   0   0  51  13   0   1   0   0   0   1   0   0  34  1.11 0.39
  163 I     3  -4  -4  -4  -2  -3  -4  -3  -4   3   1  -3   1   1  -4  -2  -2  -3   1   3   29   0   0   0   0   0   0   1   0  17  14   0   2   5   0   0   0   0   4  27  0.47 0.25
  164 V    -3  -4  -4  -5  -3  -3  -4  -5  -4   1   1  -4   7   0  -5  -3   1  -4  -3   4    0   0   0   0   0   0   0   0   0   5  10   0  39   4   0   0   9   0   0  34  1.03 0.41
  165 A    -1  -4  -4  -5  -3  -4  -4  -1  -2   1   0  -4   1   5  -4  -2  -3  -1   5   1    6   0   0   0   0   0   0   6   0   7   8   0   4  25   0   2   0   0  29  13  0.69 0.29
  166 C    -4  -7  -6  -7  11  -6  -7  -6  -7  -5  -5  -7  -5  -6  -6  -4  -4  -6  -6  -4    0   0   0   0 100   0   0   0   0   0   0   0   0   0   0   0   0   0   0   0  3.88 0.86
  167 S    -1   3  -1  -3  -3   1  -1  -4   1  -3  -2   0  -3  -3  -3   0   5  -4   1  -3    2  20   1   0   0   7   2   0   3   0   2   4   0   0   0   4  48   0   5   0  0.69 0.34
  168 S    -1   2  -2  -3  -4  -2  -2   5   2  -4  -3  -1  -1  -2  -3   1  -2  -4   1  -4    3  16   0   0   0   0   2  48   5   0   3   2   2   1   0  12   0   0   5   0  0.68 0.29
  169 A    -1  -5  -3  -4  -5  -4  -5   7  -5  -6  -6  -4  -5  -6  -5  -3  -4  -5  -5  -5    4   0   0   0   0   0   0  94   0   0   0   0   0   0   0   0   0   0   0   0  2.08 0.56
  170 G    -1   0   4   0  -1   0   0   1   1  -1  -1   0  -1  -1   0   0   0  -1  -1  -1    5   5  27   3   1   4   4  12   3   3   6   5   1   2   3   4   4   1   2   4  0.16 0.05
  171 T     0   0   0   3  -1   0   0   0  -1  -1  -1   0   0  -1   0   0   0  -1  -1  -1    5   4   3  26   1   3   4   5   2   4   6   4   3   3   4   9   8   1   2   4  0.13 0.03
  172 M     0   0   0   0   0   0   0   0   0   0   0   0   1  -1   0   1   0   0   0   0    6   4   4   4   2   4   5   6   2   4   7   5   6   3   4  20   5   1   3   5  0.04 0.01
  173 K     0   0   0   0  -1   2   0   0   0  -1  -1   1   0  -1   0   0   0   0   0   0    6   4   4   4   2  17   5   6   2   4   7   8   2   3   4   6   5   1   3   5  0.06 0.01
  174 P     0   0   0   0  -1   0   0   0   0   1   0   0   0   0   1   0   0   0   0   0    6   6   4   4   2   4   5   6   2  16   7   5   2   3   8   6   5   1   3   5  0.02 0.00
  175 T     1   0   0   0   0   0   0   0   0   0   0   0   0  -1   0   0   1   0   0   0   19   4   4   5   2   4   5   6   2   4   8   5   2   3   4   6   9   1   3   5  0.03 0.00
  176 Q     0   0   0   0   0   1   0   0   0   0   0   0   0   0   0   0   0   0   0   1    8   4   4   5   2   7   5   6   2   4   8   5   2   3   4   6   5   1   3  16  0.01 0.00
  177 N     0   0   1   0  -1   1   0   0   0   0   0   0   0  -1   0   0   0   0   0   0    7   4   8   5   2  11   5   6   2   4   9   7   2   3   4   6   5   1   3   5  0.03 0.00
  178 L     0   0   0   0  -1   0   0   0   2   0   0   0   0   0   0   0   0   0   0   0    7   4   4   5   2   4   5   6   9   7  13   5   2   3   4   6   5   1   3   5  0.01 0.00
  179 P     0   0   0   0   0   0   0   0   0   0   0   0   0   0   1   0   0   0   0   0    7   4   4   5   2   4   6   6   2   6  11   5   5   3   8   6   5   1   3   7  0.02 0.00
  180 E     0   1   0   0  -1   0   1   0   0  -1   0   1   0  -1   0   0   0   0   0   0    7  10   4   5   2   4   9   6   2   5   8   8   2   3   5   6   5   1   3   6  0.03 0.00
  181 G     0   0   1   0  -1   0   0   1   0  -1   0   0   0  -1   0   0   0   0   0   0    7   4   9   5   2   4   5  12   2   4   8   5   2   3   5   6   7   1   3   6  0.03 0.00
  182 Q     0   1   0   0  -1   1   1   0   0  -1   0   0   0  -1   0   0   0   0   0   0    7  10   4   5   2  10   8   6   2   4   8   5   2   3   4   6   5   1   3   6  0.04 0.00
  183 Q     0   0   0   0  -1   1   0   0   0   0   0   0   0   1   0   0   0   0   0   0    7   4   4   5   2   7   5   9   3   4   9   5   2   9   4   6   5   1   3   6  0.01 0.00
  184 S    -1  -3  -3  -3  -2  -2  -2  -3  -3   5   1  -2   1  -1   1  -1  -1  -3  -2   1    4   1   1   1   0   1   2   2   0  48  11   1   2   1   8   5   1   0   1   7  0.44 0.18
  185 R    -2   7  -2  -3  -4   0   0  -3  -2  -4  -3   0  -3  -3  -3  -1  -2  -3  -3  -3    3  73   1   1   0   3   4   1   0   1   2   2   0   1   1   3   1   0   1   1  1.29 0.37
  186 S    -2  -4  -2  -1   9  -3  -3  -1   0  -4  -4  -3  -3  -4  -4   4  -2  -4  -4  -3    1   0   2   3  48   0   0   4   3   0   1   0   0   0   0  36   0   0   0   0  1.49 0.46
  187 L    -2  -1  -2   0  -4   3   5  -3  -2  -2   1  -1  -2   0  -3  -1  -1  -3  -1  -3    2   2   0   2   0  16  47   1   0   1  16   2   0   4   0   2   2   0   1   0  0.62 0.29
  188 I     0   1  -2  -2  -3   0  -1  -1  -1  -1  -1   5   1   0  -2  -1   0  -3  -2  -1    7   5   0   1   0   3   1   4   1   4   7  48   3   4   1   3   4   0   0   3  0.40 0.22
  189 A     5  -3  -2  -3  -2  -2  -2  -1  -3  -3  -3  -2   0   1  -1   2  -1  -3   1  -2   58   1   0   1   0   0   1   4   0   1   1   1   2   7   2  16   1   0   4   1  0.65 0.30
  190 A     2  -2  -2  -2   2  -2  -2  -2  -3  -2  -3  -1   0  -3  -2   3   4  -4  -3   0   15   0   0   0   4   0   1   1   0   1   1   3   2   0   0  29  34   0   0   7  0.55 0.27
  191 Y     2  -1  -1   0  -2   1   0   0  -1  -2  -2   0  -2  -3  -2   2   1  -3   0  -1   27   2   1   4   0   8   6   7   1   0   3   5   0   0   1  18   9   0   4   2  0.22 0.15
  192 L    -3  -1  -3   0  -3  -2  -1  -4  -1   0   2   0  -1   3  -3  -3  -2   5   5  -1    1   3   0   6   0   0   3   1   1   5  20   7   1  12   0   1   2  10  23   2  0.45 0.21
  193 L    -1  -3  -4  -4  -3  -3  -4  -4  -4   0   5  -4   5  -2  -4  -3  -3  -3  -3  -1    5   0   0   0   0   0   1   1   0   1  72   0  14   0   0   1   0   0   0   2  1.03 0.36
  194 V    -2   2  -2  -2  -3   0  -1  -3   0   1   2   3   0   0  -3  -2  -1  -3  -1   2    1  11   0   0   0   4   3   1   3   7  20  23   2   3   0   1   2   0   2  16  0.21 0.15
  195 L     0   0   1   1  -3   1   2   0   2  -2  -1   1  -2  -2  -2   1   0  -3  -1  -2    6   4   7   6   0   5  19   7   7   3   6  11   0   1   0  12   3   0   1   1  0.17 0.10
  196 N     1   0   2  -1  -3   3   2  -2   0  -1   0   1   0  -3  -2   0  -1  -3  -2  -2   13   4  11   2   0  17  17   1   2   4  13  10   2   0   0   3   0   0   0   1  0.23 0.15
  197 G    -2  -4  -2  -3  -4  -3  -2   7  -4  -5  -5  -2  -4  -4  -4  -2  -3  -4  -4  -4    1   1   0   1   0   0   2  87   0   1   1   2   0   0   1   1   1   0   0   1  1.71 0.45
  198 Y    -3  -4  -4  -4  -4  -4  -4  -4  -1  -2  -2  -4  -1   7  -4  -3  -3   1   6  -1    1   0   0   1   0   0   1   1   1   2   1   1   1  57   0   2   1   1  26   3  1.46 0.42
  199 K    -1   0   1   1  -3   0   3  -1   1  -3  -2   3  -2  -3  -2   0   0  -4  -3  -3    4   1   7   9   0   2  22   3   5   1   3  28   0   0   1   5   7   0   0   1  0.36 0.18
  200 N    -1  -1   4   3  -3   0   3  -1   1  -4  -4   0  -3  -3  -2   1  -1  -3  -1  -3    2   2  25  15   0   2  23   5   3   1   1   4   0   0   1  10   2   0   3   1  0.47 0.20
  201 V     0  -4  -5  -5  -3  -4  -4  -4  -5   3   0  -4  -1  -2  -4  -3  -2  -4  -3   6    8   0   0   0   0   0   0   0   0  11   6   0   0   1   0   0   0   0   0  71  1.06 0.39
  202 F    -1   3  -2  -4  -4  -1  -3   0   1  -3  -2   2  -3   3  -4  -1  -2   1   6  -3    5  16   1   0   0   2   0   6   3   0   2  13   0  10   0   4   2   1  35   0  0.64 0.29
  203 H    -3  -1   2   4  -1   3  -1  -4   7  -5  -5  -2  -4  -3  -4   0  -2   2  -2  -5    0   2   8  26   2  14   0   0  37   0   0   0   0   1   0   5   2   4   0   0  1.09 0.41
  204 L    -3  -4  -5  -5  -3  -4  -5  -6  -4   3   5  -4   1  -1  -5  -4  -3  -3   1   2    0   0   0   0   0   0   0   0   0  13  61   0   2   0   0   0   0   0   5  18  0.93 0.34
  205 E     0   1  -1   1  -4   1   2  -2   2   1  -3   3  -2  -4  -3  -1   0  -4  -3  -1    7   5   0  10   0   6  16   2   7  12   0  26   0   0   0   0   6   0   0   3  0.31 0.20
  206 G    -3  -5  -2  -3  -5  -5  -5   7  -5  -7  -6  -4  -6  -6  -5  -2  -4  -5  -6  -6    0   0   1   1   0   0   0  97   0   0   0   0   0   0   0   2   0   0   0   0  2.20 0.59
  207 G    -2  -5  -3  -4  -5  -5  -5   7  -5  -7  -6  -4  -5  -6  -5  -2  -4  -5  -6  -6    2   0   0   0   0   0   0  96   0   0   0   0   0   0   0   2   0   0   0   0  2.18 0.59
  208 I    -3  -5  -5  -5  -3  -4  -5  -5  -4   5   2  -5  -1   3  -5  -4  -3   3   3   1    0   0   0   0   0   0   0   0   0  49  17   0   0  13   0   0   0   4  12   6  0.91 0.34
  209 Y    -1  -1   0  -2  -3   0   1  -3   3   1   3  -1   1   0  -3  -1  -2  -3   0   0    4   2   4   0   0   3  12   0   9  11  34   4   2   3   0   5   0   0   4   5  0.20 0.16
  210 T     2   1   1  -1  -3   1   2  -1   0  -3  -3   3  -2  -4  -2   1   1  -4  -3  -3   25   6   6   1   0   6  12   2   2   0   1  22   0   0   1   7   9   0   0   0  0.33 0.19
  211 W    -3  -5  -6  -7  -5  -5  -5  -6  -3  -5  -4  -5  -4   1  -6  -5  -5  10   8  -2    2   0   0   0   0   0   0   0   0   0   0   0   0   2   0   0   0  42  51   2  2.66 0.67
  212 G     1  -3  -2  -3  -2  -1  -2   1  -1   0   2  -2   0   0  -3   0   1  -3  -1   1   14   0   1   0   0   3   0  15   2   3  31   0   1   3   0   7  11   0   1   8  0.18 0.14
  213 K    -2   1   1   3  -5   1   5  -3  -1  -5  -5   3  -4  -5  -3  -1  -1  -5  -4  -4    1   6   6  16   0   3  40   1   1   0   0  21   0   0   0   3   2   0   0   0  0.75 0.30
  214 E     0  -1   2   3  -4   2   4  -1   1  -4  -4   1  -3  -4  -3   0   0  -4  -1  -3    8   0  11  17   0   9  30   3   3   0   0   7   0   0   0   6   4   0   2   0  0.47 0.21
  215 G    -1  -2  -1   0  -3  -2   1   1  -3   2  -1  -2   0  -3   0   0   1  -4  -2   2    0   1   2   6   0   0  14  15   0  15   0   0   2   0   5   4  10   0   1  25  0.19 0.16
  216 L    -2  -2  -1   1  -3  -1   0  -3  -1  -1   1  -1  -1   3   4  -1  -2  -3   0  -2    1   1   2  10   0   3   7   1   1   3  21   3   0  16  27   4   0   0   2   0  0.41 0.18
  217 P    -1  -2   1  -2  -4   1   1  -2  -3  -3  -4   0  -3  -5   6  -1  -1  -5  -4   0    4   1   6   0   0   7  11   1   0   0   0   6   0   0  50   4   2   0   0   8  1.00 0.30
  218 V    -1  -2  -1   1  -3   1   2  -2  -2   2  -1   0  -1  -3  -2  -1   1  -4  -3   1    3   0   1   8   0   8  22   2   0  18   2   7   0   0   1   3   8   0   0  15  0.19 0.13
  219 E    -2   0   2   1  -5   2   5   0  -2  -5  -4   1  -3  -5  -3  -1  -2  -4  -4  -4    0   3  11   5   0   8  55   8   0   0   0   9   0   0   0   0   0   0   0   0  0.80 0.26
  220 T     0  -2   1  -1  -2  -1   0   1  -2  -3  -3   1  -2   0  -2   3   2  -3  -2  -1    5   0   8   1   0   0   5  10   0   0   0   8   0   5   0  38  17   0   0   3  0.34 0.16
  221 I    -1   1  -2  -3  -2   0   0  -4  -2   1   3  -1   2  -1  -1  -2   0  -3  -2   1    2   9   1   0   1   4   7   0   1  10  43   1   4   0   3   0   6   0   0   8  0.23 0.12
  222 E    -4  -3  -4  -3  -5   2   2  -3   0  -5  -4  -3  -3   1  -1  -4  -4  11   0  -5    0   0   0   0   0   9  17   2   3   0   0   0   0   4   3   0   0  59   2   0  2.02 0.40
  223 E    -2  -1  -1   3  -5   4   5  -3  -1  -4  -4   1  -3  -4  -2  -1  -2   1  -3  -4    0   0   0  17   0  24  52   0   0   0   0   5   0   0   0   0   0   2   0   0  0.88 0.21
  224 D    -2  -1   1   6  -4   0   3  -2  -1  -3  -4   0  -3  -4  -2   0  -1  -4  -3  -3    0   0   0  70   0   0  30   0   0   0   0   0   0   0   0   0   0   0   0   0  0.83 0.04

                      K         Lambda
Standard Ungapped    0.1308     0.3153
Standard Gapped      0.0345     0.2670
PSI Ungapped         0.1128     0.3175
PSI Gapped           0.0345     0.2670
